Automatically generated mesh
     112
Reciprocal lattice
    0.00000000000000    0.00000000000000    0.00000000000000             1
    0.16666666666667   -0.00000000000000   -0.00000000000000             2
    0.33333333333333    0.00000000000000   -0.00000000000000             2
    0.50000000000000    0.00000000000000   -0.00000000000000             1
    0.00000000000000    0.16666666666667   -0.00000000000000             2
    0.16666666666667    0.16666666666667   -0.00000000000000             2
    0.33333333333333    0.16666666666667   -0.00000000000000             2
    0.50000000000000    0.16666666666667   -0.00000000000000             2
   -0.33333333333333    0.16666666666667    0.00000000000000             2
   -0.16666666666667    0.16666666666667    0.00000000000000             2
    0.00000000000000    0.33333333333333    0.00000000000000             2
    0.16666666666667    0.33333333333333   -0.00000000000000             2
    0.33333333333333    0.33333333333333   -0.00000000000000             2
    0.50000000000000    0.33333333333333   -0.00000000000000             2
   -0.33333333333333    0.33333333333333    0.00000000000000             2
   -0.16666666666667    0.33333333333333    0.00000000000000             2
    0.00000000000000    0.50000000000000   -0.00000000000000             1
    0.16666666666667    0.50000000000000   -0.00000000000000             2
    0.33333333333333    0.50000000000000   -0.00000000000000             2
    0.50000000000000    0.50000000000000   -0.00000000000000             1
    0.00000000000000    0.00000000000000    0.16666666666667             2
    0.16666666666667   -0.00000000000000    0.16666666666667             2
    0.33333333333333    0.00000000000000    0.16666666666667             2
    0.50000000000000    0.00000000000000    0.16666666666667             2
   -0.33333333333333    0.00000000000000    0.16666666666667             2
   -0.16666666666667    0.00000000000000    0.16666666666667             2
    0.00000000000000    0.16666666666667    0.16666666666667             2
    0.16666666666667    0.16666666666667    0.16666666666667             2
    0.33333333333333    0.16666666666667    0.16666666666667             2
    0.50000000000000    0.16666666666667    0.16666666666667             2
   -0.33333333333333    0.16666666666667    0.16666666666667             2
   -0.16666666666667    0.16666666666667    0.16666666666667             2
    0.00000000000000    0.33333333333333    0.16666666666667             2
    0.16666666666667    0.33333333333333    0.16666666666667             2
    0.33333333333333    0.33333333333333    0.16666666666667             2
    0.50000000000000    0.33333333333333    0.16666666666667             2
   -0.33333333333333    0.33333333333333    0.16666666666667             2
   -0.16666666666667    0.33333333333333    0.16666666666667             2
    0.00000000000000    0.50000000000000    0.16666666666667             2
    0.16666666666667    0.50000000000000    0.16666666666667             2
    0.33333333333333    0.50000000000000    0.16666666666667             2
    0.50000000000000    0.50000000000000    0.16666666666667             2
   -0.33333333333333    0.50000000000000    0.16666666666667             2
   -0.16666666666667    0.50000000000000    0.16666666666667             2
    0.00000000000000   -0.33333333333333    0.16666666666667             2
    0.16666666666667   -0.33333333333333    0.16666666666667             2
    0.33333333333333   -0.33333333333333    0.16666666666667             2
    0.50000000000000   -0.33333333333333    0.16666666666667             2
   -0.33333333333333   -0.33333333333333    0.16666666666667             2
   -0.16666666666667   -0.33333333333333    0.16666666666667             2
    0.00000000000000   -0.16666666666667    0.16666666666667             2
    0.16666666666667   -0.16666666666667    0.16666666666667             2
    0.33333333333333   -0.16666666666667    0.16666666666667             2
    0.50000000000000   -0.16666666666667    0.16666666666667             2
   -0.33333333333333   -0.16666666666667    0.16666666666667             2
   -0.16666666666667   -0.16666666666667    0.16666666666667             2
    0.00000000000000    0.00000000000000    0.33333333333333             2
    0.16666666666667   -0.00000000000000    0.33333333333333             2
    0.33333333333333    0.00000000000000    0.33333333333333             2
    0.50000000000000    0.00000000000000    0.33333333333333             2
   -0.33333333333333    0.00000000000000    0.33333333333333             2
   -0.16666666666667    0.00000000000000    0.33333333333333             2
    0.00000000000000    0.16666666666667    0.33333333333333             2
    0.16666666666667    0.16666666666667    0.33333333333333             2
    0.33333333333333    0.16666666666667    0.33333333333333             2
    0.50000000000000    0.16666666666667    0.33333333333333             2
   -0.33333333333333    0.16666666666667    0.33333333333333             2
   -0.16666666666667    0.16666666666667    0.33333333333333             2
    0.00000000000000    0.33333333333333    0.33333333333333             2
    0.16666666666667    0.33333333333333    0.33333333333333             2
    0.33333333333333    0.33333333333333    0.33333333333333             2
    0.50000000000000    0.33333333333333    0.33333333333333             2
   -0.33333333333333    0.33333333333333    0.33333333333333             2
   -0.16666666666667    0.33333333333333    0.33333333333333             2
    0.00000000000000    0.50000000000000    0.33333333333333             2
    0.16666666666667    0.50000000000000    0.33333333333333             2
    0.33333333333333    0.50000000000000    0.33333333333333             2
    0.50000000000000    0.50000000000000    0.33333333333333             2
   -0.33333333333333    0.50000000000000    0.33333333333333             2
   -0.16666666666667    0.50000000000000    0.33333333333333             2
    0.00000000000000   -0.33333333333333    0.33333333333333             2
    0.16666666666667   -0.33333333333333    0.33333333333333             2
    0.33333333333333   -0.33333333333333    0.33333333333333             2
    0.50000000000000   -0.33333333333333    0.33333333333333             2
   -0.33333333333333   -0.33333333333333    0.33333333333333             2
   -0.16666666666667   -0.33333333333333    0.33333333333333             2
    0.00000000000000   -0.16666666666667    0.33333333333333             2
    0.16666666666667   -0.16666666666667    0.33333333333333             2
    0.33333333333333   -0.16666666666667    0.33333333333333             2
    0.50000000000000   -0.16666666666667    0.33333333333333             2
   -0.33333333333333   -0.16666666666667    0.33333333333333             2
   -0.16666666666667   -0.16666666666667    0.33333333333333             2
    0.00000000000000    0.00000000000000    0.50000000000000             1
    0.16666666666667   -0.00000000000000    0.50000000000000             2
    0.33333333333333    0.00000000000000    0.50000000000000             2
    0.50000000000000    0.00000000000000    0.50000000000000             1
    0.00000000000000    0.16666666666667    0.50000000000000             2
    0.16666666666667    0.16666666666667    0.50000000000000             2
    0.33333333333333    0.16666666666667    0.50000000000000             2
    0.50000000000000    0.16666666666667    0.50000000000000             2
   -0.33333333333333    0.16666666666667    0.50000000000000             2
   -0.16666666666667    0.16666666666667    0.50000000000000             2
    0.00000000000000    0.33333333333333    0.50000000000000             2
    0.16666666666667    0.33333333333333    0.50000000000000             2
    0.33333333333333    0.33333333333333    0.50000000000000             2
    0.50000000000000    0.33333333333333    0.50000000000000             2
   -0.33333333333333    0.33333333333333    0.50000000000000             2
   -0.16666666666667    0.33333333333333    0.50000000000000             2
    0.00000000000000    0.50000000000000    0.50000000000000             1
    0.16666666666667    0.50000000000000    0.50000000000000             2
    0.33333333333333    0.50000000000000    0.50000000000000             2
    0.50000000000000    0.50000000000000    0.50000000000000             1
Tetrahedra
       648    0.00077160493827
         2         1         5         6        28
         2         1         2         6        28
         2         1         2        22        28
         2         1         5        27        28
         2         1        21        27        28
         2         1        21        22        28
         2         2         6         7        29
         2         2         3         7        29
         2         2         3        23        29
         2         2         6        28        29
         2         2        22        28        29
         2         2        22        23        29
         2         3         7         8        30
         2         3         4         8        30
         2         3         4        24        30
         2         3         7        29        30
         2         3        23        29        30
         2         3        23        24        30
         2         4         8         9        31
         2         3         4         9        31
         2         3         4        25        31
         2         4         8        30        31
         2         4        24        30        31
         2         4        24        25        31
         2         3         9        10        32
         2         2         3        10        32
         2         2         3        26        32
         2         3         9        31        32
         2         3        25        31        32
         2         3        25        26        32
         2         2         5        10        27
         2         1         2         5        27
         2         1         2        21        27
         2         2        10        27        32
         2         2        26        27        32
         2         2        21        26        27
         2         5        11        12        34
         2         5         6        12        34
         2         5         6        28        34
         2         5        11        33        34
         2         5        27        33        34
         2         5        27        28        34
         2         6        12        13        35
         2         6         7        13        35
         2         6         7        29        35
         2         6        12        34        35
         2         6        28        34        35
         2         6        28        29        35
         2         7        13        14        36
         2         7         8        14        36
         2         7         8        30        36
         2         7        13        35        36
         2         7        29        35        36
         2         7        29        30        36
         2         8        14        15        37
         2         8         9        15        37
         2         8         9        31        37
         2         8        14        36        37
         2         8        30        36        37
         2         8        30        31        37
         2         9        15        16        38
         2         9        10        16        38
         2         9        10        32        38
         2         9        15        37        38
         2         9        31        37        38
         2         9        31        32        38
         2        10        11        16        33
         2         5        10        11        33
         2         5        10        27        33
         2        10        16        33        38
         2        10        32        33        38
         2        10        27        32        33
         2        11        17        18        40
         2        11        12        18        40
         2        11        12        34        40
         2        11        17        39        40
         2        11        33        39        40
         2        11        33        34        40
         2        12        18        19        41
         2        12        13        19        41
         2        12        13        35        41
         2        12        18        40        41
         2        12        34        40        41
         2        12        34        35        41
         2        13        19        20        42
         2        13        14        20        42
         2        13        14        36        42
         2        13        19        41        42
         2        13        35        41        42
         2        13        35        36        42
         2        14        19        20        43
         2        14        15        19        43
         2        14        15        37        43
         2        14        20        42        43
         2        14        36        42        43
         2        14        36        37        43
         2        15        18        19        44
         2        15        16        18        44
         2        15        16        38        44
         2        15        19        43        44
         2        15        37        43        44
         2        15        37        38        44
         2        16        17        18        39
         2        11        16        17        39
         2        11        16        33        39
         2        16        18        39        44
         2        16        38        39        44
         2        16        33        38        39
         2        11        16        17        46
         2        16        17        18        46
         2        17        18        40        46
         2        11        17        45        46
         2        17        39        45        46
         2        17        39        40        46
         2        15        16        18        47
         2        15        18        19        47
         2        18        19        41        47
         2        16        18        46        47
         2        18        40        46        47
         2        18        40        41        47
         2        14        15        19        48
         2        14        19        20        48
         2        19        20        42        48
         2        15        19        47        48
         2        19        41        47        48
         2        19        41        42        48
         2        13        14        20        49
         2        13        19        20        49
         2        19        20        43        49
         2        14        20        48        49
         2        20        42        48        49
         2        20        42        43        49
         2        12        13        19        50
         2        12        18        19        50
         2        18        19        44        50
         2        13        19        49        50
         2        19        43        49        50
         2        19        43        44        50
         2        11        12        18        45
         2        11        17        18        45
         2        17        18        39        45
         2        12        18        45        50
         2        18        44        45        50
         2        18        39        44        45
         2         5        10        11        52
         2        10        11        16        52
         2        11        16        46        52
         2         5        11        51        52
         2        11        45        51        52
         2        11        45        46        52
         2         9        10        16        53
         2         9        15        16        53
         2        15        16        47        53
         2        10        16        52        53
         2        16        46        52        53
         2        16        46        47        53
         2         8         9        15        54
         2         8        14        15        54
         2        14        15        48        54
         2         9        15        53        54
         2        15        47        53        54
         2        15        47        48        54
         2         7         8        14        55
         2         7        13        14        55
         2        13        14        49        55
         2         8        14        54        55
         2        14        48        54        55
         2        14        48        49        55
         2         6         7        13        56
         2         6        12        13        56
         2        12        13        50        56
         2         7        13        55        56
         2        13        49        55        56
         2        13        49        50        56
         2         5         6        12        51
         2         5        11        12        51
         2        11        12        45        51
         2         6        12        51        56
         2        12        50        51        56
         2        12        45        50        51
         2         1         2         5        22
         2         2         5        10        22
         2         5        10        22        52
         2         1         5        21        22
         2         5        21        22        51
         2         5        22        51        52
         2         2         3        10        23
         2         3         9        10        23
         2         9        10        23        53
         2         2        10        22        23
         2        10        22        23        52
         2        10        23        52        53
         2         3         4         9        24
         2         4         8         9        24
         2         8         9        24        54
         2         3         9        23        24
         2         9        23        24        53
         2         9        24        53        54
         2         3         4         8        25
         2         3         7         8        25
         2         7         8        25        55
         2         4         8        24        25
         2         8        24        25        54
         2         8        25        54        55
         2         2         3         7        26
         2         2         6         7        26
         2         6         7        26        56
         2         3         7        25        26
         2         7        25        26        55
         2         7        26        55        56
         2         1         2         6        21
         2         1         5         6        21
         2         5         6        21        51
         2         2         6        21        26
         2         6        21        26        56
         2         6        21        51        56
         2        21        27        28        64
         2        21        22        28        64
         2        21        22        58        64
         2        21        27        63        64
         2        21        57        63        64
         2        21        57        58        64
         2        22        28        29        65
         2        22        23        29        65
         2        22        23        59        65
         2        22        28        64        65
         2        22        58        64        65
         2        22        58        59        65
         2        23        29        30        66
         2        23        24        30        66
         2        23        24        60        66
         2        23        29        65        66
         2        23        59        65        66
         2        23        59        60        66
         2        24        30        31        67
         2        24        25        31        67
         2        24        25        61        67
         2        24        30        66        67
         2        24        60        66        67
         2        24        60        61        67
         2        25        31        32        68
         2        25        26        32        68
         2        25        26        62        68
         2        25        31        67        68
         2        25        61        67        68
         2        25        61        62        68
         2        26        27        32        63
         2        21        26        27        63
         2        21        26        57        63
         2        26        32        63        68
         2        26        62        63        68
         2        26        57        62        63
         2        27        33        34        70
         2        27        28        34        70
         2        27        28        64        70
         2        27        33        69        70
         2        27        63        69        70
         2        27        63        64        70
         2        28        34        35        71
         2        28        29        35        71
         2        28        29        65        71
         2        28        34        70        71
         2        28        64        70        71
         2        28        64        65        71
         2        29        35        36        72
         2        29        30        36        72
         2        29        30        66        72
         2        29        35        71        72
         2        29        65        71        72
         2        29        65        66        72
         2        30        36        37        73
         2        30        31        37        73
         2        30        31        67        73
         2        30        36        72        73
         2        30        66        72        73
         2        30        66        67        73
         2        31        37        38        74
         2        31        32        38        74
         2        31        32        68        74
         2        31        37        73        74
         2        31        67        73        74
         2        31        67        68        74
         2        32        33        38        69
         2        27        32        33        69
         2        27        32        63        69
         2        32        38        69        74
         2        32        68        69        74
         2        32        63        68        69
         2        33        39        40        76
         2        33        34        40        76
         2        33        34        70        76
         2        33        39        75        76
         2        33        69        75        76
         2        33        69        70        76
         2        34        40        41        77
         2        34        35        41        77
         2        34        35        71        77
         2        34        40        76        77
         2        34        70        76        77
         2        34        70        71        77
         2        35        41        42        78
         2        35        36        42        78
         2        35        36        72        78
         2        35        41        77        78
         2        35        71        77        78
         2        35        71        72        78
         2        36        42        43        79
         2        36        37        43        79
         2        36        37        73        79
         2        36        42        78        79
         2        36        72        78        79
         2        36        72        73        79
         2        37        43        44        80
         2        37        38        44        80
         2        37        38        74        80
         2        37        43        79        80
         2        37        73        79        80
         2        37        73        74        80
         2        38        39        44        75
         2        33        38        39        75
         2        33        38        69        75
         2        38        44        75        80
         2        38        74        75        80
         2        38        69        74        75
         2        39        45        46        82
         2        39        40        46        82
         2        39        40        76        82
         2        39        45        81        82
         2        39        75        81        82
         2        39        75        76        82
         2        40        46        47        83
         2        40        41        47        83
         2        40        41        77        83
         2        40        46        82        83
         2        40        76        82        83
         2        40        76        77        83
         2        41        47        48        84
         2        41        42        48        84
         2        41        42        78        84
         2        41        47        83        84
         2        41        77        83        84
         2        41        77        78        84
         2        42        48        49        85
         2        42        43        49        85
         2        42        43        79        85
         2        42        48        84        85
         2        42        78        84        85
         2        42        78        79        85
         2        43        49        50        86
         2        43        44        50        86
         2        43        44        80        86
         2        43        49        85        86
         2        43        79        85        86
         2        43        79        80        86
         2        44        45        50        81
         2        39        44        45        81
         2        39        44        75        81
         2        44        50        81        86
         2        44        80        81        86
         2        44        75        80        81
         2        45        51        52        88
         2        45        46        52        88
         2        45        46        82        88
         2        45        51        87        88
         2        45        81        87        88
         2        45        81        82        88
         2        46        52        53        89
         2        46        47        53        89
         2        46        47        83        89
         2        46        52        88        89
         2        46        82        88        89
         2        46        82        83        89
         2        47        53        54        90
         2        47        48        54        90
         2        47        48        84        90
         2        47        53        89        90
         2        47        83        89        90
         2        47        83        84        90
         2        48        54        55        91
         2        48        49        55        91
         2        48        49        85        91
         2        48        54        90        91
         2        48        84        90        91
         2        48        84        85        91
         2        49        55        56        92
         2        49        50        56        92
         2        49        50        86        92
         2        49        55        91        92
         2        49        85        91        92
         2        49        85        86        92
         2        50        51        56        87
         2        45        50        51        87
         2        45        50        81        87
         2        50        56        87        92
         2        50        86        87        92
         2        50        81        86        87
         2        21        22        51        58
         2        22        51        52        58
         2        51        52        58        88
         2        21        51        57        58
         2        51        57        58        87
         2        51        58        87        88
         2        22        23        52        59
         2        23        52        53        59
         2        52        53        59        89
         2        22        52        58        59
         2        52        58        59        88
         2        52        59        88        89
         2        23        24        53        60
         2        24        53        54        60
         2        53        54        60        90
         2        23        53        59        60
         2        53        59        60        89
         2        53        60        89        90
         2        24        25        54        61
         2        25        54        55        61
         2        54        55        61        91
         2        24        54        60        61
         2        54        60        61        90
         2        54        61        90        91
         2        25        26        55        62
         2        26        55        56        62
         2        55        56        62        92
         2        25        55        61        62
         2        55        61        62        91
         2        55        62        91        92
         2        21        26        56        57
         2        21        51        56        57
         2        51        56        57        87
         2        26        56        57        62
         2        56        57        62        92
         2        56        57        87        92
         2        57        63        64        98
         2        57        58        64        98
         2        57        58        94        98
         2        57        63        97        98
         2        57        93        97        98
         2        57        93        94        98
         2        58        64        65        99
         2        58        59        65        99
         2        58        59        95        99
         2        58        64        98        99
         2        58        94        98        99
         2        58        94        95        99
         2        59        65        66       100
         2        59        60        66       100
         2        59        60        96       100
         2        59        65        99       100
         2        59        95        99       100
         2        59        95        96       100
         2        60        66        67       101
         2        60        61        67       101
         2        60        61        95       101
         2        60        66       100       101
         2        60        96       100       101
         2        60        95        96       101
         2        61        67        68       102
         2        61        62        68       102
         2        61        62        94       102
         2        61        67       101       102
         2        61        95       101       102
         2        61        94        95       102
         2        62        63        68        97
         2        57        62        63        97
         2        57        62        93        97
         2        62        68        97       102
         2        62        94        97       102
         2        62        93        94        97
         2        63        69        70       104
         2        63        64        70       104
         2        63        64        98       104
         2        63        69       103       104
         2        63        97       103       104
         2        63        97        98       104
         2        64        70        71       105
         2        64        65        71       105
         2        64        65        99       105
         2        64        70       104       105
         2        64        98       104       105
         2        64        98        99       105
         2        65        71        72       106
         2        65        66        72       106
         2        65        66       100       106
         2        65        71       105       106
         2        65        99       105       106
         2        65        99       100       106
         2        66        72        73       107
         2        66        67        73       107
         2        66        67       101       107
         2        66        72       106       107
         2        66       100       106       107
         2        66       100       101       107
         2        67        73        74       108
         2        67        68        74       108
         2        67        68       102       108
         2        67        73       107       108
         2        67       101       107       108
         2        67       101       102       108
         2        68        69        74       103
         2        63        68        69       103
         2        63        68        97       103
         2        68        74       103       108
         2        68       102       103       108
         2        68        97       102       103
         2        69        75        76       110
         2        69        70        76       110
         2        69        70       104       110
         2        69        75       109       110
         2        69       103       109       110
         2        69       103       104       110
         2        70        76        77       111
         2        70        71        77       111
         2        70        71       105       111
         2        70        76       110       111
         2        70       104       110       111
         2        70       104       105       111
         2        71        77        78       112
         2        71        72        78       112
         2        71        72       106       112
         2        71        77       111       112
         2        71       105       111       112
         2        71       105       106       112
         2        72        78        79       111
         2        72        73        79       111
         2        72        73       107       111
         2        72        78       111       112
         2        72       106       111       112
         2        72       106       107       111
         2        73        79        80       110
         2        73        74        80       110
         2        73        74       108       110
         2        73        79       110       111
         2        73       107       110       111
         2        73       107       108       110
         2        74        75        80       109
         2        69        74        75       109
         2        69        74       103       109
         2        74        80       109       110
         2        74       108       109       110
         2        74       103       108       109
         2        75        81        82       108
         2        75        76        82       108
         2        75        76       108       110
         2        75        81       103       108
         2        75       103       108       109
         2        75       108       109       110
         2        76        82        83       107
         2        76        77        83       107
         2        76        77       107       111
         2        76        82       107       108
         2        76       107       108       110
         2        76       107       110       111
         2        77        83        84       106
         2        77        78        84       106
         2        77        78       106       112
         2        77        83       106       107
         2        77       106       107       111
         2        77       106       111       112
         2        78        84        85       105
         2        78        79        85       105
         2        78        79       105       111
         2        78        84       105       106
         2        78       105       106       112
         2        78       105       111       112
         2        79        85        86       104
         2        79        80        86       104
         2        79        80       104       110
         2        79        85       104       105
         2        79       104       105       111
         2        79       104       110       111
         2        80        81        86       103
         2        75        80        81       103
         2        75        80       103       109
         2        80        86       103       104
         2        80       103       104       110
         2        80       103       109       110
         2        81        87        88       102
         2        81        82        88       102
         2        81        82       102       108
         2        81        87        97       102
         2        81        97       102       103
         2        81       102       103       108
         2        82        88        89       101
         2        82        83        89       101
         2        82        83       101       107
         2        82        88       101       102
         2        82       101       102       108
         2        82       101       107       108
         2        83        89        90       100
         2        83        84        90       100
         2        83        84       100       106
         2        83        89       100       101
         2        83       100       101       107
         2        83       100       106       107
         2        84        90        91        99
         2        84        85        91        99
         2        84        85        99       105
         2        84        90        99       100
         2        84        99       100       106
         2        84        99       105       106
         2        85        91        92        98
         2        85        86        92        98
         2        85        86        98       104
         2        85        91        98        99
         2        85        98        99       105
         2        85        98       104       105
         2        86        87        92        97
         2        81        86        87        97
         2        81        86        97       103
         2        86        92        97        98
         2        86        97        98       104
         2        86        97       103       104
         2        57        58        87        94
         2        58        87        88        94
         2        87        88        94       102
         2        57        87        93        94
         2        87        93        94        97
         2        87        94        97       102
         2        58        59        88        95
         2        59        88        89        95
         2        88        89        95       101
         2        58        88        94        95
         2        88        94        95       102
         2        88        95       101       102
         2        59        60        89        96
         2        60        89        90        96
         2        89        90        96       100
         2        59        89        95        96
         2        89        95        96       101
         2        89        96       100       101
         2        60        61        90        95
         2        61        90        91        95
         2        90        91        95        99
         2        60        90        95        96
         2        90        95        96       100
         2        90        95        99       100
         2        61        62        91        94
         2        62        91        92        94
         2        91        92        94        98
         2        61        91        94        95
         2        91        94        95        99
         2        91        94        98        99
         2        57        62        92        93
         2        57        87        92        93
         2        87        92        93        97
         2        62        92        93        94
         2        92        93        94        98
         2        92        93        97        98
