    #         X           Y           Z        CHARGE     ATOM    DISTANCE
  -------------------------------------------------------------------------
    1      2.8913      4.5936      1.1891      0.7957      11      0.6045
    2      0.5237      0.4425      1.0570      0.0056      11      0.3471
    3      0.5807      0.5608      1.3873      0.0253      11      0.0208
    4      0.7845      0.7095      1.9818      1.0317      11      0.6515
    5      0.8368      0.7568      2.1140      0.3129       8      0.7892
    6      0.8891      0.8041      2.2461      1.0092       8      0.6399
    7      0.9413      0.8514      2.3782      0.0093       8      0.4909
    8      3.3655      5.5696      2.8406      0.0272       8      0.0318
    9      9.3249      5.6879      3.1709      0.0048       8      0.3580
   10      3.2960      5.2222      3.3031      1.0683       8      0.5987
   11      6.9573      1.5368      3.0388      0.6882       8      0.5972
   12      0.7727      1.2724      0.3303      2.3585      12      0.3748
   13      0.4714      0.3952      0.9249      0.0011      11      0.4957
   14      6.8456      2.1207      3.2370      0.7016       3      0.5844
   15      7.1424      1.4017      2.8406      0.0305       8      0.4582
   16      2.2949      2.8938      3.9637      1.9327      12      0.3456
   17      7.2056      1.5299      2.8406      0.0072       8      0.6008
   18      0.5997      1.2183      0.0000      0.0664      12      0.3243
   19      0.7998      1.4748      0.0000      0.0451      12      0.0390
   20      2.3164      2.8465      3.8316      0.0225      12      0.4690
   21      0.8567      1.5931      0.3303      0.0795      12      0.3322
   22      3.0301      1.6550      3.3691      3.3033       5      0.6160
   23      0.8838      1.7954      0.0000      2.2781      12      0.3251
   24      7.5006      3.2197      0.3964      0.5515       9      0.4929
   25      2.1089      1.9383      2.9067      0.0134       5      0.6510
   26      7.3686      3.3716      0.4624      0.5331       9      0.5987
   27      2.2565      1.9383      2.9067      0.0548       5      0.5035
   28      6.7607      4.3876      0.7927      4.0050       2      0.6535
   29      7.5529      3.2670      0.5285      0.0062       9      0.6424
   30      3.1271      3.4458      0.1321      1.3701       6      0.6824
   31      3.0030      4.0097      0.9909      0.6863       6      0.5802
   32      8.9911      4.5678      4.1619      0.0250       9      0.0447
   33      9.0606      4.9152      3.6994      0.9584       9      0.6161
   34      8.8342      4.4259      3.7655      0.0047       9      0.4825
   35      3.3519      4.9525      4.1619      0.0043       9      0.4677
   36      9.0047      5.1849      2.8406      0.0143       8      0.4738
   37      1.8399      1.9620      2.9728      0.0011       5      0.9229
   38      3.6133      2.2889      1.9158      1.7104      14      0.3865
   39      3.6144      2.6768      1.3873      2.1953      14      0.4016
   40      1.5717      1.0879      3.0388      0.0321       8      0.5519
   41      2.3769      3.4258      0.7927      0.0120       6      0.6243
   42      4.9543      4.9694      4.0297      0.9674       1      0.6348
   43      3.9557      5.5696      2.8406      0.0161       8      0.6122
   44      3.4874      2.4508      1.6515      0.0843      14      0.3394
   45      5.0824      5.5833      3.2370      1.0590       1      0.6810
   46      3.2512      4.0029      0.7927      0.0519       6      0.5973
   47      1.0949      1.4748      0.0000      0.0113      12      0.3217
   48      3.6051      4.5678      4.1619      0.0011       9      0.4922
   49      3.1881      3.8746      0.7927      0.0339       6      0.4545
   50      1.5671      1.0170      2.8406      0.0022       8      0.4975
   51      1.2425      1.4748      0.0000      0.0024      12      0.4689
   52      2.5245      3.4258      0.7927      0.0018       6      0.4771
   53      5.2442      5.1381      3.9637      0.0668       1      0.6475
   54      4.3710      4.9489      3.4352      0.0041       1      0.6397
   55      4.1033      5.5696      2.8406      0.0036       8      0.7597
   56      3.1502      3.5913      1.2552      0.0077       6      0.4944
   57      5.1919      5.0908      3.8316      0.0756       1      0.4978
   58      2.7729      1.9383      2.9067      0.0265       5      0.0179
   59      2.9987      3.4899      0.7927      0.0267       6      0.0305
   60      2.6422      1.8201      2.5764      0.0026       5      0.3671
   61      2.7778      3.0410      0.7927      0.0036       6      0.4753
   62      4.5185      4.9489      3.4352      0.0059       1      0.4926
   63      4.5875      2.8896      1.9818      3.0776      15      0.4392
   64      3.9609      2.5454      1.9158      0.0670      14      0.3387
   65      3.0979      3.5440      1.1230      0.0013       6      0.3453
   66      5.3348      3.2407      2.2461      2.9638      15      0.4286
   67      4.6292      3.0652      2.1140      0.0031      15      0.3287
   68      6.0018      4.0307      2.8406      1.0175      13      0.3693
   69      3.2156      1.9383      2.9067      0.0069       5      0.4559
   70      3.4836      3.4258      0.7927      0.0017       6      0.4848
   71      2.4348      0.0000      0.0000      0.8224      10      0.4800
   72      4.8519      4.7833      2.9728      0.0058       1      0.4760
   73      2.1329      0.2297      0.4624      0.0064      10      0.5070
   74      3.6985      2.1302      1.6515      0.0509      14      0.3292
   75      5.0088      4.9252      3.3691      0.0256       1      0.0297
   76      1.9499      0.0641      0.0000      0.0228      10      0.0189
   77      3.7255      2.3325      1.3212      0.1169      14      0.3365
   78      3.8563      2.4508      1.6515      0.0458      14      0.0436
   79      5.7549      3.7674      2.6425      0.0431      13      0.3259
   80      4.8140      4.5000      3.4352      0.0024       1      0.4699
   81      3.9467      2.1233      1.4533      1.1238      14      0.3748
   82      5.7088      4.5526      0.0000      0.7433       7      0.4942
   83      5.9865      4.0880      2.6425      0.0664      13      0.3577
   84      2.5823      0.0000      0.0000      0.1125      10      0.6265
   85      4.6567      1.0396      0.3964      0.2139       4      0.4986
   86      3.0250      0.0000      0.0000      0.0363       7      0.9061
   87      2.8774      0.0000      0.0000      0.0266      10      0.9205
   88      3.3201      0.0000      0.0000      0.1180       7      0.6117
   89      4.8151      1.1205      0.2642      0.8254       4      0.5765
   90      3.1726      0.0000      0.0000      0.0294       7      0.7588
   91      6.2930      3.9293      2.3782      1.7369      13      0.3741
   92      4.7977      0.6112      0.9909      1.1171       4      0.6183
   93      2.7299      0.0000      0.0000      0.0258      10      0.7734
   94      3.8509      1.4984      0.0661      0.0015       4      1.2746
   95      6.2658      3.5177      2.8406      2.2511      13      0.3650
   96      6.6954      2.6610      4.0297      0.8723       3      0.6260
   97      5.9660      3.4468      2.6425      0.0207      13      0.3179
   98      4.6044      0.9923      0.2642      0.0096       4      0.6484
   99      4.9243      3.0652      2.1140      0.0463      15      0.0384
  100      6.2501      4.0239      2.6425      0.0913      13      0.3292
  101      6.2284      3.8620      2.9067      0.0741      13      0.3424
  102      5.2932      3.0652      2.1140      0.0047      15      0.3365
  103      5.9193      3.6491      2.3121      0.0461      13      0.3614
  104      6.0500      3.7674      2.6425      0.0484      13      0.0430
  105      5.9029      3.3185      2.6425      0.0081      13      0.4602
  106      6.6330      4.1921      1.3212      0.0068       2      0.4591
  107      6.2252      4.5526      0.0000      0.0260       7      0.0363
  108      5.4531      1.3954      3.8976      0.0037       7      0.3496
  109      4.8398      1.2052      0.8588      0.0249       4      0.0287
  110      6.4189      3.7674      2.6425      0.0621      13      0.3411
  111      5.9513      0.6181      1.1891      0.0991      11      0.5835
  112      5.9621      4.1679      0.0000      0.0042       7      0.4684
  113      6.6605      2.2558      3.4352      0.0476       3      0.4586
  114      4.9444      1.2998      1.1230      0.0013       4      0.3255
  115      4.9966      1.3471      1.2552      0.0035       4      0.4752
  116      6.5974      2.1275      3.4352      0.0326       3      0.6014
  117      6.3333      1.4748      0.0000      0.0656      12      0.3449
  118      6.3650      2.7046      3.4352      0.0018       3      0.4821
  119      5.6216      1.4984      0.0661      0.0024       3      1.0369
  120      6.2119      1.4984      0.0661      0.0145      12      0.4669
  121      5.7692      1.4984      0.0661      0.0022      12      0.9087
  122      7.0597      2.5007      0.0000      0.0157       9      0.6078
  123      5.9144      0.5135      1.2552      0.0618      11      0.5987
  124      5.8929      0.5608      1.3873      0.0208      11      0.6063
  125      7.0757      4.1921      1.3212      0.0260       2      0.0205
  126      5.7453      0.5608      1.3873      0.0057      11      0.7538
  127      6.6984      2.5391      2.9728      0.0060       3      0.4923
  128      6.8499      2.6405      3.4352      0.0251       3      0.0370
  129      6.8695      3.0137      0.0000      0.0012       9      0.4755
  130      6.9285      3.7432      1.3212      0.0032       2      0.4668
  131      7.0708      3.0893      3.4352      0.0021       3      0.4716
  132      7.5921      4.1921      1.3212      0.0218       2      0.5003
  133      8.7514      5.5696      2.8406      0.0017       8      0.4955
  134      7.7135      4.1684      1.2552      0.0100       2      0.6247
  135      7.4717      2.7046      3.4352      0.0035       3      0.6265
  136      6.0404      0.5608      1.3873      0.0012      11      0.4588
  -------------------------------------------------------------------------
