Automatically generated mesh
     166
Reciprocal lattice
    0.00000000000000    0.00000000000000    0.00000000000000             1
    0.20000000000000    0.00000000000000   -0.00000000000000             2
    0.40000000000000    0.00000000000000   -0.00000000000000             2
    0.00000000000000    0.16666666666667    0.00000000000000             2
    0.20000000000000    0.16666666666667   -0.00000000000000             2
    0.40000000000000    0.16666666666667   -0.00000000000000             2
   -0.40000000000000    0.16666666666667    0.00000000000000             2
   -0.20000000000000    0.16666666666667    0.00000000000000             2
    0.00000000000000    0.33333333333333    0.00000000000000             2
    0.20000000000000    0.33333333333333    0.00000000000000             2
    0.40000000000000    0.33333333333333   -0.00000000000000             2
   -0.40000000000000    0.33333333333333    0.00000000000000             2
   -0.20000000000000    0.33333333333333    0.00000000000000             2
    0.00000000000000    0.50000000000000    0.00000000000000             1
    0.20000000000000    0.50000000000000    0.00000000000000             2
    0.40000000000000    0.50000000000000   -0.00000000000000             2
    0.00000000000000    0.00000000000000    0.09090909090909             2
    0.20000000000000    0.00000000000000    0.09090909090909             2
    0.40000000000000    0.00000000000000    0.09090909090909             2
   -0.40000000000000   -0.00000000000000    0.09090909090909             2
   -0.20000000000000   -0.00000000000000    0.09090909090909             2
    0.00000000000000    0.16666666666667    0.09090909090909             2
    0.20000000000000    0.16666666666667    0.09090909090909             2
    0.40000000000000    0.16666666666667    0.09090909090909             2
   -0.40000000000000    0.16666666666667    0.09090909090909             2
   -0.20000000000000    0.16666666666667    0.09090909090909             2
    0.00000000000000    0.33333333333333    0.09090909090909             2
    0.20000000000000    0.33333333333333    0.09090909090909             2
    0.40000000000000    0.33333333333333    0.09090909090909             2
   -0.40000000000000    0.33333333333333    0.09090909090909             2
   -0.20000000000000    0.33333333333333    0.09090909090909             2
    0.00000000000000    0.50000000000000    0.09090909090909             2
    0.20000000000000    0.50000000000000    0.09090909090909             2
    0.40000000000000    0.50000000000000    0.09090909090909             2
   -0.40000000000000    0.50000000000000    0.09090909090909             2
   -0.20000000000000    0.50000000000000    0.09090909090909             2
    0.00000000000000   -0.33333333333333    0.09090909090909             2
    0.20000000000000   -0.33333333333333    0.09090909090909             2
    0.40000000000000   -0.33333333333333    0.09090909090909             2
   -0.40000000000000   -0.33333333333333    0.09090909090909             2
   -0.20000000000000   -0.33333333333333    0.09090909090909             2
    0.00000000000000   -0.16666666666667    0.09090909090909             2
    0.20000000000000   -0.16666666666667    0.09090909090909             2
    0.40000000000000   -0.16666666666667    0.09090909090909             2
   -0.40000000000000   -0.16666666666667    0.09090909090909             2
   -0.20000000000000   -0.16666666666667    0.09090909090909             2
    0.00000000000000    0.00000000000000    0.18181818181818             2
    0.20000000000000    0.00000000000000    0.18181818181818             2
    0.40000000000000    0.00000000000000    0.18181818181818             2
   -0.40000000000000   -0.00000000000000    0.18181818181818             2
   -0.20000000000000   -0.00000000000000    0.18181818181818             2
    0.00000000000000    0.16666666666667    0.18181818181818             2
    0.20000000000000    0.16666666666667    0.18181818181818             2
    0.40000000000000    0.16666666666667    0.18181818181818             2
   -0.40000000000000    0.16666666666667    0.18181818181818             2
   -0.20000000000000    0.16666666666667    0.18181818181818             2
    0.00000000000000    0.33333333333333    0.18181818181818             2
    0.20000000000000    0.33333333333333    0.18181818181818             2
    0.40000000000000    0.33333333333333    0.18181818181818             2
   -0.40000000000000    0.33333333333333    0.18181818181818             2
   -0.20000000000000    0.33333333333333    0.18181818181818             2
    0.00000000000000    0.50000000000000    0.18181818181818             2
    0.20000000000000    0.50000000000000    0.18181818181818             2
    0.40000000000000    0.50000000000000    0.18181818181818             2
   -0.40000000000000    0.50000000000000    0.18181818181818             2
   -0.20000000000000    0.50000000000000    0.18181818181818             2
    0.00000000000000   -0.33333333333333    0.18181818181818             2
    0.20000000000000   -0.33333333333333    0.18181818181818             2
    0.40000000000000   -0.33333333333333    0.18181818181818             2
   -0.40000000000000   -0.33333333333333    0.18181818181818             2
   -0.20000000000000   -0.33333333333333    0.18181818181818             2
    0.00000000000000   -0.16666666666667    0.18181818181818             2
    0.20000000000000   -0.16666666666667    0.18181818181818             2
    0.40000000000000   -0.16666666666667    0.18181818181818             2
   -0.40000000000000   -0.16666666666667    0.18181818181818             2
   -0.20000000000000   -0.16666666666667    0.18181818181818             2
    0.00000000000000    0.00000000000000    0.27272727272727             2
    0.20000000000000    0.00000000000000    0.27272727272727             2
    0.40000000000000    0.00000000000000    0.27272727272727             2
   -0.40000000000000   -0.00000000000000    0.27272727272727             2
   -0.20000000000000   -0.00000000000000    0.27272727272727             2
    0.00000000000000    0.16666666666667    0.27272727272727             2
    0.20000000000000    0.16666666666667    0.27272727272727             2
    0.40000000000000    0.16666666666667    0.27272727272727             2
   -0.40000000000000    0.16666666666667    0.27272727272727             2
   -0.20000000000000    0.16666666666667    0.27272727272727             2
    0.00000000000000    0.33333333333333    0.27272727272727             2
    0.20000000000000    0.33333333333333    0.27272727272727             2
    0.40000000000000    0.33333333333333    0.27272727272727             2
   -0.40000000000000    0.33333333333333    0.27272727272727             2
   -0.20000000000000    0.33333333333333    0.27272727272727             2
    0.00000000000000    0.50000000000000    0.27272727272727             2
    0.20000000000000    0.50000000000000    0.27272727272727             2
    0.40000000000000    0.50000000000000    0.27272727272727             2
   -0.40000000000000    0.50000000000000    0.27272727272727             2
   -0.20000000000000    0.50000000000000    0.27272727272727             2
    0.00000000000000   -0.33333333333333    0.27272727272727             2
    0.20000000000000   -0.33333333333333    0.27272727272727             2
    0.40000000000000   -0.33333333333333    0.27272727272727             2
   -0.40000000000000   -0.33333333333333    0.27272727272727             2
   -0.20000000000000   -0.33333333333333    0.27272727272727             2
    0.00000000000000   -0.16666666666667    0.27272727272727             2
    0.20000000000000   -0.16666666666667    0.27272727272727             2
    0.40000000000000   -0.16666666666667    0.27272727272727             2
   -0.40000000000000   -0.16666666666667    0.27272727272727             2
   -0.20000000000000   -0.16666666666667    0.27272727272727             2
    0.00000000000000    0.00000000000000    0.36363636363636             2
    0.20000000000000    0.00000000000000    0.36363636363636             2
    0.40000000000000    0.00000000000000    0.36363636363636             2
   -0.40000000000000   -0.00000000000000    0.36363636363636             2
   -0.20000000000000   -0.00000000000000    0.36363636363636             2
    0.00000000000000    0.16666666666667    0.36363636363636             2
    0.20000000000000    0.16666666666667    0.36363636363636             2
    0.40000000000000    0.16666666666667    0.36363636363636             2
   -0.40000000000000    0.16666666666667    0.36363636363636             2
   -0.20000000000000    0.16666666666667    0.36363636363636             2
    0.00000000000000    0.33333333333333    0.36363636363636             2
    0.20000000000000    0.33333333333333    0.36363636363636             2
    0.40000000000000    0.33333333333333    0.36363636363636             2
   -0.40000000000000    0.33333333333333    0.36363636363636             2
   -0.20000000000000    0.33333333333333    0.36363636363636             2
    0.00000000000000    0.50000000000000    0.36363636363636             2
    0.20000000000000    0.50000000000000    0.36363636363636             2
    0.40000000000000    0.50000000000000    0.36363636363636             2
   -0.40000000000000    0.50000000000000    0.36363636363636             2
   -0.20000000000000    0.50000000000000    0.36363636363636             2
    0.00000000000000   -0.33333333333333    0.36363636363636             2
    0.20000000000000   -0.33333333333333    0.36363636363636             2
    0.40000000000000   -0.33333333333333    0.36363636363636             2
   -0.40000000000000   -0.33333333333333    0.36363636363636             2
   -0.20000000000000   -0.33333333333333    0.36363636363636             2
    0.00000000000000   -0.16666666666667    0.36363636363636             2
    0.20000000000000   -0.16666666666667    0.36363636363636             2
    0.40000000000000   -0.16666666666667    0.36363636363636             2
   -0.40000000000000   -0.16666666666667    0.36363636363636             2
   -0.20000000000000   -0.16666666666667    0.36363636363636             2
    0.00000000000000    0.00000000000000    0.45454545454545             2
    0.20000000000000    0.00000000000000    0.45454545454545             2
    0.40000000000000    0.00000000000000    0.45454545454545             2
   -0.40000000000000   -0.00000000000000    0.45454545454545             2
   -0.20000000000000   -0.00000000000000    0.45454545454546             2
    0.00000000000000    0.16666666666667    0.45454545454545             2
    0.20000000000000    0.16666666666667    0.45454545454546             2
    0.40000000000000    0.16666666666667    0.45454545454545             2
   -0.40000000000000    0.16666666666667    0.45454545454546             2
   -0.20000000000000    0.16666666666667    0.45454545454545             2
    0.00000000000000    0.33333333333333    0.45454545454545             2
    0.20000000000000    0.33333333333333    0.45454545454545             2
    0.40000000000000    0.33333333333333    0.45454545454546             2
   -0.40000000000000    0.33333333333333    0.45454545454546             2
   -0.20000000000000    0.33333333333333    0.45454545454546             2
    0.00000000000000    0.50000000000000    0.45454545454545             2
    0.20000000000000    0.50000000000000    0.45454545454546             2
    0.40000000000000    0.50000000000000    0.45454545454545             2
   -0.40000000000000    0.50000000000000    0.45454545454546             2
   -0.20000000000000    0.50000000000000    0.45454545454545             2
    0.00000000000000   -0.33333333333333    0.45454545454545             2
    0.20000000000000   -0.33333333333333    0.45454545454546             2
    0.40000000000000   -0.33333333333333    0.45454545454546             2
   -0.40000000000000   -0.33333333333333    0.45454545454545             2
   -0.20000000000000   -0.33333333333333    0.45454545454546             2
    0.00000000000000   -0.16666666666667    0.45454545454545             2
    0.20000000000000   -0.16666666666667    0.45454545454545             2
    0.40000000000000   -0.16666666666667    0.45454545454545             2
   -0.40000000000000   -0.16666666666667    0.45454545454546             2
   -0.20000000000000   -0.16666666666667    0.45454545454545             2
Tetrahedra
       988    0.00050505050505
         2         1         4         5        23
         2         1         2         5        23
         2         1         2        18        23
         2         1         4        22        23
         2         1        17        22        23
         2         1        17        18        23
         2         2         5         6        24
         2         2         3         6        24
         2         2         3        19        24
         2         2         5        23        24
         2         2        18        23        24
         2         2        18        19        24
         2         3         6         7        25
         2         3         3         7        25
         2         3         3        20        25
         2         3         6        24        25
         2         3        19        24        25
         2         3        19        20        25
         2         3         7         8        26
         2         2         3         8        26
         2         2         3        21        26
         2         3         7        25        26
         2         3        20        25        26
         2         3        20        21        26
         2         2         4         8        22
         2         1         2         4        22
         2         1         2        17        22
         2         2         8        22        26
         2         2        21        22        26
         2         2        17        21        22
         2         4         9        10        28
         2         4         5        10        28
         2         4         5        23        28
         2         4         9        27        28
         2         4        22        27        28
         2         4        22        23        28
         2         5        10        11        29
         2         5         6        11        29
         2         5         6        24        29
         2         5        10        28        29
         2         5        23        28        29
         2         5        23        24        29
         2         6        11        12        30
         2         6         7        12        30
         2         6         7        25        30
         2         6        11        29        30
         2         6        24        29        30
         2         6        24        25        30
         2         7        12        13        31
         2         7         8        13        31
         2         7         8        26        31
         2         7        12        30        31
         2         7        25        30        31
         2         7        25        26        31
         2         8         9        13        27
         2         4         8         9        27
         2         4         8        22        27
         2         8        13        27        31
         2         8        26        27        31
         2         8        22        26        27
         2         9        14        15        33
         2         9        10        15        33
         2         9        10        28        33
         2         9        14        32        33
         2         9        27        32        33
         2         9        27        28        33
         2        10        15        16        34
         2        10        11        16        34
         2        10        11        29        34
         2        10        15        33        34
         2        10        28        33        34
         2        10        28        29        34
         2        11        16        16        35
         2        11        12        16        35
         2        11        12        30        35
         2        11        16        34        35
         2        11        29        34        35
         2        11        29        30        35
         2        12        15        16        36
         2        12        13        15        36
         2        12        13        31        36
         2        12        16        35        36
         2        12        30        35        36
         2        12        30        31        36
         2        13        14        15        32
         2         9        13        14        32
         2         9        13        27        32
         2        13        15        32        36
         2        13        31        32        36
         2        13        27        31        32
         2         9        13        14        38
         2        13        14        15        38
         2        14        15        33        38
         2         9        14        37        38
         2        14        32        37        38
         2        14        32        33        38
         2        12        13        15        39
         2        12        15        16        39
         2        15        16        34        39
         2        13        15        38        39
         2        15        33        38        39
         2        15        33        34        39
         2        11        12        16        40
         2        11        16        16        40
         2        16        16        35        40
         2        12        16        39        40
         2        16        34        39        40
         2        16        34        35        40
         2        10        11        16        41
         2        10        15        16        41
         2        15        16        36        41
         2        11        16        40        41
         2        16        35        40        41
         2        16        35        36        41
         2         9        10        15        37
         2         9        14        15        37
         2        14        15        32        37
         2        10        15        37        41
         2        15        36        37        41
         2        15        32        36        37
         2         4         8         9        43
         2         8         9        13        43
         2         9        13        38        43
         2         4         9        42        43
         2         9        37        42        43
         2         9        37        38        43
         2         7         8        13        44
         2         7        12        13        44
         2        12        13        39        44
         2         8        13        43        44
         2        13        38        43        44
         2        13        38        39        44
         2         6         7        12        45
         2         6        11        12        45
         2        11        12        40        45
         2         7        12        44        45
         2        12        39        44        45
         2        12        39        40        45
         2         5         6        11        46
         2         5        10        11        46
         2        10        11        41        46
         2         6        11        45        46
         2        11        40        45        46
         2        11        40        41        46
         2         4         5        10        42
         2         4         9        10        42
         2         9        10        37        42
         2         5        10        42        46
         2        10        41        42        46
         2        10        37        41        42
         2         1         2         4        18
         2         2         4         8        18
         2         4         8        18        43
         2         1         4        17        18
         2         4        17        18        42
         2         4        18        42        43
         2         2         3         8        19
         2         3         7         8        19
         2         7         8        19        44
         2         2         8        18        19
         2         8        18        19        43
         2         8        19        43        44
         2         3         3         7        20
         2         3         6         7        20
         2         6         7        20        45
         2         3         7        19        20
         2         7        19        20        44
         2         7        20        44        45
         2         2         3         6        21
         2         2         5         6        21
         2         5         6        21        46
         2         3         6        20        21
         2         6        20        21        45
         2         6        21        45        46
         2         1         2         5        17
         2         1         4         5        17
         2         4         5        17        42
         2         2         5        17        21
         2         5        17        21        46
         2         5        17        42        46
         2        17        22        23        53
         2        17        18        23        53
         2        17        18        48        53
         2        17        22        52        53
         2        17        47        52        53
         2        17        47        48        53
         2        18        23        24        54
         2        18        19        24        54
         2        18        19        49        54
         2        18        23        53        54
         2        18        48        53        54
         2        18        48        49        54
         2        19        24        25        55
         2        19        20        25        55
         2        19        20        50        55
         2        19        24        54        55
         2        19        49        54        55
         2        19        49        50        55
         2        20        25        26        56
         2        20        21        26        56
         2        20        21        51        56
         2        20        25        55        56
         2        20        50        55        56
         2        20        50        51        56
         2        21        22        26        52
         2        17        21        22        52
         2        17        21        47        52
         2        21        26        52        56
         2        21        51        52        56
         2        21        47        51        52
         2        22        27        28        58
         2        22        23        28        58
         2        22        23        53        58
         2        22        27        57        58
         2        22        52        57        58
         2        22        52        53        58
         2        23        28        29        59
         2        23        24        29        59
         2        23        24        54        59
         2        23        28        58        59
         2        23        53        58        59
         2        23        53        54        59
         2        24        29        30        60
         2        24        25        30        60
         2        24        25        55        60
         2        24        29        59        60
         2        24        54        59        60
         2        24        54        55        60
         2        25        30        31        61
         2        25        26        31        61
         2        25        26        56        61
         2        25        30        60        61
         2        25        55        60        61
         2        25        55        56        61
         2        26        27        31        57
         2        22        26        27        57
         2        22        26        52        57
         2        26        31        57        61
         2        26        56        57        61
         2        26        52        56        57
         2        27        32        33        63
         2        27        28        33        63
         2        27        28        58        63
         2        27        32        62        63
         2        27        57        62        63
         2        27        57        58        63
         2        28        33        34        64
         2        28        29        34        64
         2        28        29        59        64
         2        28        33        63        64
         2        28        58        63        64
         2        28        58        59        64
         2        29        34        35        65
         2        29        30        35        65
         2        29        30        60        65
         2        29        34        64        65
         2        29        59        64        65
         2        29        59        60        65
         2        30        35        36        66
         2        30        31        36        66
         2        30        31        61        66
         2        30        35        65        66
         2        30        60        65        66
         2        30        60        61        66
         2        31        32        36        62
         2        27        31        32        62
         2        27        31        57        62
         2        31        36        62        66
         2        31        61        62        66
         2        31        57        61        62
         2        32        37        38        68
         2        32        33        38        68
         2        32        33        63        68
         2        32        37        67        68
         2        32        62        67        68
         2        32        62        63        68
         2        33        38        39        69
         2        33        34        39        69
         2        33        34        64        69
         2        33        38        68        69
         2        33        63        68        69
         2        33        63        64        69
         2        34        39        40        70
         2        34        35        40        70
         2        34        35        65        70
         2        34        39        69        70
         2        34        64        69        70
         2        34        64        65        70
         2        35        40        41        71
         2        35        36        41        71
         2        35        36        66        71
         2        35        40        70        71
         2        35        65        70        71
         2        35        65        66        71
         2        36        37        41        67
         2        32        36        37        67
         2        32        36        62        67
         2        36        41        67        71
         2        36        66        67        71
         2        36        62        66        67
         2        37        42        43        73
         2        37        38        43        73
         2        37        38        68        73
         2        37        42        72        73
         2        37        67        72        73
         2        37        67        68        73
         2        38        43        44        74
         2        38        39        44        74
         2        38        39        69        74
         2        38        43        73        74
         2        38        68        73        74
         2        38        68        69        74
         2        39        44        45        75
         2        39        40        45        75
         2        39        40        70        75
         2        39        44        74        75
         2        39        69        74        75
         2        39        69        70        75
         2        40        45        46        76
         2        40        41        46        76
         2        40        41        71        76
         2        40        45        75        76
         2        40        70        75        76
         2        40        70        71        76
         2        41        42        46        72
         2        37        41        42        72
         2        37        41        67        72
         2        41        46        72        76
         2        41        71        72        76
         2        41        67        71        72
         2        17        18        42        48
         2        18        42        43        48
         2        42        43        48        73
         2        17        42        47        48
         2        42        47        48        72
         2        42        48        72        73
         2        18        19        43        49
         2        19        43        44        49
         2        43        44        49        74
         2        18        43        48        49
         2        43        48        49        73
         2        43        49        73        74
         2        19        20        44        50
         2        20        44        45        50
         2        44        45        50        75
         2        19        44        49        50
         2        44        49        50        74
         2        44        50        74        75
         2        20        21        45        51
         2        21        45        46        51
         2        45        46        51        76
         2        20        45        50        51
         2        45        50        51        75
         2        45        51        75        76
         2        17        21        46        47
         2        17        42        46        47
         2        42        46        47        72
         2        21        46        47        51
         2        46        47        51        76
         2        46        47        72        76
         2        47        52        53        83
         2        47        48        53        83
         2        47        48        78        83
         2        47        52        82        83
         2        47        77        82        83
         2        47        77        78        83
         2        48        53        54        84
         2        48        49        54        84
         2        48        49        79        84
         2        48        53        83        84
         2        48        78        83        84
         2        48        78        79        84
         2        49        54        55        85
         2        49        50        55        85
         2        49        50        80        85
         2        49        54        84        85
         2        49        79        84        85
         2        49        79        80        85
         2        50        55        56        86
         2        50        51        56        86
         2        50        51        81        86
         2        50        55        85        86
         2        50        80        85        86
         2        50        80        81        86
         2        51        52        56        82
         2        47        51        52        82
         2        47        51        77        82
         2        51        56        82        86
         2        51        81        82        86
         2        51        77        81        82
         2        52        57        58        88
         2        52        53        58        88
         2        52        53        83        88
         2        52        57        87        88
         2        52        82        87        88
         2        52        82        83        88
         2        53        58        59        89
         2        53        54        59        89
         2        53        54        84        89
         2        53        58        88        89
         2        53        83        88        89
         2        53        83        84        89
         2        54        59        60        90
         2        54        55        60        90
         2        54        55        85        90
         2        54        59        89        90
         2        54        84        89        90
         2        54        84        85        90
         2        55        60        61        91
         2        55        56        61        91
         2        55        56        86        91
         2        55        60        90        91
         2        55        85        90        91
         2        55        85        86        91
         2        56        57        61        87
         2        52        56        57        87
         2        52        56        82        87
         2        56        61        87        91
         2        56        86        87        91
         2        56        82        86        87
         2        57        62        63        93
         2        57        58        63        93
         2        57        58        88        93
         2        57        62        92        93
         2        57        87        92        93
         2        57        87        88        93
         2        58        63        64        94
         2        58        59        64        94
         2        58        59        89        94
         2        58        63        93        94
         2        58        88        93        94
         2        58        88        89        94
         2        59        64        65        95
         2        59        60        65        95
         2        59        60        90        95
         2        59        64        94        95
         2        59        89        94        95
         2        59        89        90        95
         2        60        65        66        96
         2        60        61        66        96
         2        60        61        91        96
         2        60        65        95        96
         2        60        90        95        96
         2        60        90        91        96
         2        61        62        66        92
         2        57        61        62        92
         2        57        61        87        92
         2        61        66        92        96
         2        61        91        92        96
         2        61        87        91        92
         2        62        67        68        98
         2        62        63        68        98
         2        62        63        93        98
         2        62        67        97        98
         2        62        92        97        98
         2        62        92        93        98
         2        63        68        69        99
         2        63        64        69        99
         2        63        64        94        99
         2        63        68        98        99
         2        63        93        98        99
         2        63        93        94        99
         2        64        69        70       100
         2        64        65        70       100
         2        64        65        95       100
         2        64        69        99       100
         2        64        94        99       100
         2        64        94        95       100
         2        65        70        71       101
         2        65        66        71       101
         2        65        66        96       101
         2        65        70       100       101
         2        65        95       100       101
         2        65        95        96       101
         2        66        67        71        97
         2        62        66        67        97
         2        62        66        92        97
         2        66        71        97       101
         2        66        96        97       101
         2        66        92        96        97
         2        67        72        73       103
         2        67        68        73       103
         2        67        68        98       103
         2        67        72       102       103
         2        67        97       102       103
         2        67        97        98       103
         2        68        73        74       104
         2        68        69        74       104
         2        68        69        99       104
         2        68        73       103       104
         2        68        98       103       104
         2        68        98        99       104
         2        69        74        75       105
         2        69        70        75       105
         2        69        70       100       105
         2        69        74       104       105
         2        69        99       104       105
         2        69        99       100       105
         2        70        75        76       106
         2        70        71        76       106
         2        70        71       101       106
         2        70        75       105       106
         2        70       100       105       106
         2        70       100       101       106
         2        71        72        76       102
         2        67        71        72       102
         2        67        71        97       102
         2        71        76       102       106
         2        71       101       102       106
         2        71        97       101       102
         2        47        48        72        78
         2        48        72        73        78
         2        72        73        78       103
         2        47        72        77        78
         2        72        77        78       102
         2        72        78       102       103
         2        48        49        73        79
         2        49        73        74        79
         2        73        74        79       104
         2        48        73        78        79
         2        73        78        79       103
         2        73        79       103       104
         2        49        50        74        80
         2        50        74        75        80
         2        74        75        80       105
         2        49        74        79        80
         2        74        79        80       104
         2        74        80       104       105
         2        50        51        75        81
         2        51        75        76        81
         2        75        76        81       106
         2        50        75        80        81
         2        75        80        81       105
         2        75        81       105       106
         2        47        51        76        77
         2        47        72        76        77
         2        72        76        77       102
         2        51        76        77        81
         2        76        77        81       106
         2        76        77       102       106
         2        77        82        83       113
         2        77        78        83       113
         2        77        78       108       113
         2        77        82       112       113
         2        77       107       112       113
         2        77       107       108       113
         2        78        83        84       114
         2        78        79        84       114
         2        78        79       109       114
         2        78        83       113       114
         2        78       108       113       114
         2        78       108       109       114
         2        79        84        85       115
         2        79        80        85       115
         2        79        80       110       115
         2        79        84       114       115
         2        79       109       114       115
         2        79       109       110       115
         2        80        85        86       116
         2        80        81        86       116
         2        80        81       111       116
         2        80        85       115       116
         2        80       110       115       116
         2        80       110       111       116
         2        81        82        86       112
         2        77        81        82       112
         2        77        81       107       112
         2        81        86       112       116
         2        81       111       112       116
         2        81       107       111       112
         2        82        87        88       118
         2        82        83        88       118
         2        82        83       113       118
         2        82        87       117       118
         2        82       112       117       118
         2        82       112       113       118
         2        83        88        89       119
         2        83        84        89       119
         2        83        84       114       119
         2        83        88       118       119
         2        83       113       118       119
         2        83       113       114       119
         2        84        89        90       120
         2        84        85        90       120
         2        84        85       115       120
         2        84        89       119       120
         2        84       114       119       120
         2        84       114       115       120
         2        85        90        91       121
         2        85        86        91       121
         2        85        86       116       121
         2        85        90       120       121
         2        85       115       120       121
         2        85       115       116       121
         2        86        87        91       117
         2        82        86        87       117
         2        82        86       112       117
         2        86        91       117       121
         2        86       116       117       121
         2        86       112       116       117
         2        87        92        93       123
         2        87        88        93       123
         2        87        88       118       123
         2        87        92       122       123
         2        87       117       122       123
         2        87       117       118       123
         2        88        93        94       124
         2        88        89        94       124
         2        88        89       119       124
         2        88        93       123       124
         2        88       118       123       124
         2        88       118       119       124
         2        89        94        95       125
         2        89        90        95       125
         2        89        90       120       125
         2        89        94       124       125
         2        89       119       124       125
         2        89       119       120       125
         2        90        95        96       126
         2        90        91        96       126
         2        90        91       121       126
         2        90        95       125       126
         2        90       120       125       126
         2        90       120       121       126
         2        91        92        96       122
         2        87        91        92       122
         2        87        91       117       122
         2        91        96       122       126
         2        91       121       122       126
         2        91       117       121       122
         2        92        97        98       128
         2        92        93        98       128
         2        92        93       123       128
         2        92        97       127       128
         2        92       122       127       128
         2        92       122       123       128
         2        93        98        99       129
         2        93        94        99       129
         2        93        94       124       129
         2        93        98       128       129
         2        93       123       128       129
         2        93       123       124       129
         2        94        99       100       130
         2        94        95       100       130
         2        94        95       125       130
         2        94        99       129       130
         2        94       124       129       130
         2        94       124       125       130
         2        95       100       101       131
         2        95        96       101       131
         2        95        96       126       131
         2        95       100       130       131
         2        95       125       130       131
         2        95       125       126       131
         2        96        97       101       127
         2        92        96        97       127
         2        92        96       122       127
         2        96       101       127       131
         2        96       126       127       131
         2        96       122       126       127
         2        97       102       103       133
         2        97        98       103       133
         2        97        98       128       133
         2        97       102       132       133
         2        97       127       132       133
         2        97       127       128       133
         2        98       103       104       134
         2        98        99       104       134
         2        98        99       129       134
         2        98       103       133       134
         2        98       128       133       134
         2        98       128       129       134
         2        99       104       105       135
         2        99       100       105       135
         2        99       100       130       135
         2        99       104       134       135
         2        99       129       134       135
         2        99       129       130       135
         2       100       105       106       136
         2       100       101       106       136
         2       100       101       131       136
         2       100       105       135       136
         2       100       130       135       136
         2       100       130       131       136
         2       101       102       106       132
         2        97       101       102       132
         2        97       101       127       132
         2       101       106       132       136
         2       101       131       132       136
         2       101       127       131       132
         2        77        78       102       108
         2        78       102       103       108
         2       102       103       108       133
         2        77       102       107       108
         2       102       107       108       132
         2       102       108       132       133
         2        78        79       103       109
         2        79       103       104       109
         2       103       104       109       134
         2        78       103       108       109
         2       103       108       109       133
         2       103       109       133       134
         2        79        80       104       110
         2        80       104       105       110
         2       104       105       110       135
         2        79       104       109       110
         2       104       109       110       134
         2       104       110       134       135
         2        80        81       105       111
         2        81       105       106       111
         2       105       106       111       136
         2        80       105       110       111
         2       105       110       111       135
         2       105       111       135       136
         2        77        81       106       107
         2        77       102       106       107
         2       102       106       107       132
         2        81       106       107       111
         2       106       107       111       136
         2       106       107       132       136
         2       107       112       113       143
         2       107       108       113       143
         2       107       108       138       143
         2       107       112       142       143
         2       107       137       142       143
         2       107       137       138       143
         2       108       113       114       144
         2       108       109       114       144
         2       108       109       139       144
         2       108       113       143       144
         2       108       138       143       144
         2       108       138       139       144
         2       109       114       115       145
         2       109       110       115       145
         2       109       110       140       145
         2       109       114       144       145
         2       109       139       144       145
         2       109       139       140       145
         2       110       115       116       146
         2       110       111       116       146
         2       110       111       141       146
         2       110       115       145       146
         2       110       140       145       146
         2       110       140       141       146
         2       111       112       116       142
         2       107       111       112       142
         2       107       111       137       142
         2       111       116       142       146
         2       111       141       142       146
         2       111       137       141       142
         2       112       117       118       148
         2       112       113       118       148
         2       112       113       143       148
         2       112       117       147       148
         2       112       142       147       148
         2       112       142       143       148
         2       113       118       119       149
         2       113       114       119       149
         2       113       114       144       149
         2       113       118       148       149
         2       113       143       148       149
         2       113       143       144       149
         2       114       119       120       150
         2       114       115       120       150
         2       114       115       145       150
         2       114       119       149       150
         2       114       144       149       150
         2       114       144       145       150
         2       115       120       121       151
         2       115       116       121       151
         2       115       116       146       151
         2       115       120       150       151
         2       115       145       150       151
         2       115       145       146       151
         2       116       117       121       147
         2       112       116       117       147
         2       112       116       142       147
         2       116       121       147       151
         2       116       146       147       151
         2       116       142       146       147
         2       117       122       123       153
         2       117       118       123       153
         2       117       118       148       153
         2       117       122       152       153
         2       117       147       152       153
         2       117       147       148       153
         2       118       123       124       154
         2       118       119       124       154
         2       118       119       149       154
         2       118       123       153       154
         2       118       148       153       154
         2       118       148       149       154
         2       119       124       125       155
         2       119       120       125       155
         2       119       120       150       155
         2       119       124       154       155
         2       119       149       154       155
         2       119       149       150       155
         2       120       125       126       156
         2       120       121       126       156
         2       120       121       151       156
         2       120       125       155       156
         2       120       150       155       156
         2       120       150       151       156
         2       121       122       126       152
         2       117       121       122       152
         2       117       121       147       152
         2       121       126       152       156
         2       121       151       152       156
         2       121       147       151       152
         2       122       127       128       158
         2       122       123       128       158
         2       122       123       153       158
         2       122       127       157       158
         2       122       152       157       158
         2       122       152       153       158
         2       123       128       129       159
         2       123       124       129       159
         2       123       124       154       159
         2       123       128       158       159
         2       123       153       158       159
         2       123       153       154       159
         2       124       129       130       160
         2       124       125       130       160
         2       124       125       155       160
         2       124       129       159       160
         2       124       154       159       160
         2       124       154       155       160
         2       125       130       131       161
         2       125       126       131       161
         2       125       126       156       161
         2       125       130       160       161
         2       125       155       160       161
         2       125       155       156       161
         2       126       127       131       157
         2       122       126       127       157
         2       122       126       152       157
         2       126       131       157       161
         2       126       156       157       161
         2       126       152       156       157
         2       127       132       133       163
         2       127       128       133       163
         2       127       128       158       163
         2       127       132       162       163
         2       127       157       162       163
         2       127       157       158       163
         2       128       133       134       164
         2       128       129       134       164
         2       128       129       159       164
         2       128       133       163       164
         2       128       158       163       164
         2       128       158       159       164
         2       129       134       135       165
         2       129       130       135       165
         2       129       130       160       165
         2       129       134       164       165
         2       129       159       164       165
         2       129       159       160       165
         2       130       135       136       166
         2       130       131       136       166
         2       130       131       161       166
         2       130       135       165       166
         2       130       160       165       166
         2       130       160       161       166
         2       131       132       136       162
         2       127       131       132       162
         2       127       131       157       162
         2       131       136       162       166
         2       131       161       162       166
         2       131       157       161       162
         2       107       108       132       138
         2       108       132       133       138
         2       132       133       138       163
         2       107       132       137       138
         2       132       137       138       162
         2       132       138       162       163
         2       108       109       133       139
         2       109       133       134       139
         2       133       134       139       164
         2       108       133       138       139
         2       133       138       139       163
         2       133       139       163       164
         2       109       110       134       140
         2       110       134       135       140
         2       134       135       140       165
         2       109       134       139       140
         2       134       139       140       164
         2       134       140       164       165
         2       110       111       135       141
         2       111       135       136       141
         2       135       136       141       166
         2       110       135       140       141
         2       135       140       141       165
         2       135       141       165       166
         2       107       111       136       137
         2       107       132       136       137
         2       132       136       137       162
         2       111       136       137       141
         2       136       137       141       166
         2       136       137       162       166
         2       137       142       143       166
         2       137       138       143       166
         2       137       138       141       166
         2       137       142       162       166
         2       137       137       162       166
         2       137       137       141       166
         2       138       143       144       165
         2       138       139       144       165
         2       138       139       140       165
         2       138       143       165       166
         2       138       141       165       166
         2       138       140       141       165
         2       139       144       145       164
         2       139       140       145       164
         4       139       139       140       164
         2       139       144       164       165
         2       139       140       164       165
         2       140       145       146       163
         2       140       141       146       163
         2       138       140       141       163
         2       140       145       163       164
         2       139       140       163       164
         2       138       139       140       163
         2       141       142       146       162
         2       137       141       142       162
         2       137       137       141       162
         2       141       146       162       163
         2       138       141       162       163
         2       137       138       141       162
         2       142       147       148       161
         2       142       143       148       161
         2       142       143       161       166
         2       142       147       157       161
         2       142       157       161       162
         2       142       161       162       166
         2       143       148       149       160
         2       143       144       149       160
         2       143       144       160       165
         2       143       148       160       161
         2       143       160       161       166
         2       143       160       165       166
         2       144       149       150       159
         2       144       145       150       159
         2       144       145       159       164
         2       144       149       159       160
         2       144       159       160       165
         2       144       159       164       165
         2       145       150       151       158
         2       145       146       151       158
         2       145       146       158       163
         2       145       150       158       159
         2       145       158       159       164
         2       145       158       163       164
         2       146       147       151       157
         2       142       146       147       157
         2       142       146       157       162
         2       146       151       157       158
         2       146       157       158       163
         2       146       157       162       163
         2       147       152       153       156
         2       147       148       153       156
         2       147       148       156       161
         2       147       152       152       156
         2       147       152       156       157
         2       147       156       157       161
         2       148       153       154       155
         2       148       149       154       155
         2       148       149       155       160
         2       148       153       155       156
         2       148       155       156       161
         2       148       155       160       161
         4       149       154       154       155
         2       149       150       154       155
         2       149       150       154       159
         2       149       154       155       160
         2       149       154       159       160
         2       150       153       155       156
         2       150       151       153       156
         2       150       151       153       158
         2       150       153       154       155
         2       150       153       154       159
         2       150       153       158       159
         2       151       152       152       156
         2       147       151       152       152
         2       147       151       152       157
         2       151       152       153       156
         2       151       152       153       158
         2       151       152       157       158
