   Atom                     Volume(s)
  ------------------------------------------------------------------------
     1   ...      55   59   61   70   74   77   96  105  106  115
     2   ...      42   48  145  149  150  161  165  167
     3   ...      24   37  117  141  143  144  151  154  159  162  163
     4   ...     102  112  114  116  124  136  137  138  142  147  152  156  158  166
     5   ...      20   29   53   79   80   82   83   84   87   88   90
     6   ...       1   33   34   46   56   57   58   76   81   85   86   91
     7   ...      16  104  108  111  118  119  121  129  133  135  140  146  155  160  168
     8   ...       8    9   10   11   12   13   14   15   19   23   49   51   60   62  131  153
     9   ...      31   38   39   43   44   45   47   64   65   67  157  164
    10   ...      52   68   71   78   97  100  101  103  107  109
    11   ...       2    4    5    6    7   17   18   50   66  134
    12   ...       3   21   22   25   26   27   28   30   32   63   69  148
    13   ...      40   41   89   95   99  120  122  125  126  130  132  139
    14   ...      35   36   54   72   92   93   94   98  113  123
    15   ...      73   75  110  127  128
  ------------------------------------------------------------------------
