   Atom                     Volume(s)
  ------------------------------------------------------------------------
     1   ...      47   48   51   55   63   67   71   85   89   94   96
     2   ...      30   46  118  119  123  124  137  140  141
     3   ...      14   20  106  117  128  131  132  142  143
     4   ...      93   99  107  110  127  134  139
     5   ...      18   49   53   72   73
     6   ...      32   37   54   59   62   66   69   70   83
     7   ...      15   81   87   88   91  100  103  120  121  125  129  130  138
     8   ...       8    9   10   11   12   13   45  135
     9   ...      16   31   35   38   40   41   42   43   44   57  136
    10   ...      52   64   82   86   90   92   95   97   98  102  104
    11   ...       1    3    4    5    6    7   23   50   56
    12   ...       2   17   19   21   22   24   25   26   27   28   34   60
    13   ...      29   33   74   79  105  109  112  115  116  122  126  133
    14   ...      36   39   61   68   75   76   77   78   80  101  108  111
    15   ...      58   65   84  113  114
  ------------------------------------------------------------------------
