   Atom                     Volume(s)
  ------------------------------------------------------------------------
     1   ...      42   45   53   54   57   62   72   75   80
     2   ...      28  106  125  130  132  134
     3   ...      14   96  113  116  118  119  127  128  131  135
     4   ...      85   89   92   94   98  109  114  115
     5   ...      22   25   27   37   58   60   69
     6   ...      30   31   41   46   49   52   56   59   61   65   70
     7   ...      82   86   88   90  107  108  112
     8   ...       5    6    7    8    9   10   11   15   17   36   40   43   50   55  133
     9   ...      24   26   29   32   33   34   35   48  122  129
    10   ...      71   73   76   84   87   93
    11   ...       1    2    3    4   13  111  123  124  126  136
    12   ...      12   16   18   19   20   21   23   47   51  117  120  121
    13   ...      68   79   83   91   95   97  100  101  103  104  105  110
    14   ...      38   39   44   64   74   77   78   81
    15   ...      63   66   67   99  102
  ------------------------------------------------------------------------
