   Atom                     Volume(s)
  ------------------------------------------------------------------------
     1   ...      56   60   63   65   72   92  101  108  109  110  118
     2   ...      37   47   49  123  132  143  144  159  161  162  163
     3   ...      15   26   28  122  138  140  142  151  155  160  164
     4   ...     114  116  127  131  136  139  146  149  150  154  156  157
     5   ...      24   25   30   34   55   74   80   81   83   85   86   90   95
     6   ...      39   40   41   59   61   62   64   71   76   78   82   87   88   98
     7   ...     106  107  113  115  117  119  120  130  133  135  137  145  158
     8   ...       8    9   10   11   12   13   14   19   23   48   70  153
     9   ...      33   36   43   44   45   46   50   51   52   53   54   77   79  148  152
    10   ...      66   67   73   89   99  102  103  105  111  112
    11   ...       2    3    4    5    6    7   17   68
    12   ...       1   16   18   20   21   22   27   29   31   32   35   69  141
    13   ...      38   93  104  121  124  125  126  128  134  147
    14   ...      42   57   58   84   94   96   97  100
    15   ...      75   91  129
  ------------------------------------------------------------------------
