    #         X           Y           Z        CHARGE     ATOM    DISTANCE
  -------------------------------------------------------------------------
    1      0.8747      1.1352      0.0682      2.0852      12      0.3769
    2      2.6137      4.4176      1.3643      0.6291      11      0.5889
    3      2.4227      4.4360      1.4325      0.8493      11      0.5900
    4      0.7041      0.4945      1.5689      0.0254      11      0.0435
    5      0.9092      0.6237      2.0464      0.7950      11      0.4975
    6      0.9679      0.6607      2.1828      0.1993      11      0.6504
    7      1.0265      0.6976      2.3192      0.0546      11      0.8034
    8      1.0851      0.7345      2.4557      0.0243       8      0.8928
    9      1.1437      0.7714      2.5921      0.0629       8      0.7415
   10      3.0556      5.1359      2.7285      0.3780       8      0.6364
   11      3.1143      5.1728      2.8649      0.5168       8      0.4837
   12      3.2901      5.2836      3.2742      0.0249       8      0.0420
   13      6.8882      1.4118      3.4106      1.1746       8      0.6155
   14      6.7706      1.4303      3.4788      0.6587       8      0.6165
   15      6.7001      1.9229      3.7517      0.6536       3      0.6096
   16      0.5662      1.1722      0.2046      0.2376      12      0.3339
   17      0.5282      0.3837      1.1596      0.0031      11      0.4979
   18      0.5076      1.1352      0.0682      0.2685      12      0.3432
   19      1.5863      1.3051      3.2742      0.0112       8      0.5009
   20      2.5910      2.6515      4.6385      0.3260      12      0.3702
   21      5.6202      1.4144      0.0682      1.1582      12      0.3281
   22      0.6277      1.4658      0.0000      0.0512      12      0.0489
   23      1.6461      1.4447      3.2742      0.0032       8      0.6525
   24      2.6729      1.3420      3.4106      0.5838       5      0.4923
   25      2.2648      1.7608      3.4106      0.2306       5      0.6046
   26      7.2027      2.5038      4.0928      0.0136       3      0.6259
   27      0.7743      1.5581      0.3411      0.0522      12      0.3525
   28      7.2175      2.4669      3.9563      0.0241       3      0.6295
   29      0.8207      1.7450      0.0000      2.3750      12      0.3458
   30      2.3713      2.4669      3.9563      0.0027       5      1.0230
   31      2.5623      2.6844      4.5020      0.0094      12      0.4924
   32      7.7167      2.7398      4.7067      0.1538      12      0.4128
   33      1.4313      3.0423      0.4093      0.1810       9      0.5127
   34      2.8920      1.2393      3.5471      0.9845       5      0.5817
   35      0.8071      1.8845      0.0000      0.1849      12      0.4687
   36      1.7404      3.0567      0.2046      0.3378       9      0.6000
   37      7.0455      4.0357      1.5007      0.8139       2      0.6028
   38      5.9382      3.7584      2.7967      1.2681      13      0.3824
   39      2.7277      3.8551      1.0914      0.8256       6      0.5554
   40      2.0927      3.3296      0.9550      0.0547       6      0.6268
   41      2.2396      3.3296      0.9550      0.1228       6      0.4801
   42      3.4020      2.1080      2.1146      1.2941      14      0.3643
   43      3.3366      4.2425      4.8431      0.0249       9      0.0450
   44      8.3186      4.7311      4.8431      0.9852       9      0.5425
   45      8.3741      4.1317      4.4338      0.0031       9      0.5129
   46      1.4900      3.0792      0.5457      0.0039       9      0.6654
   47      6.6972      4.5941      1.5007      0.3859       2      0.6438
   48      3.1108      4.8648      3.2742      0.0047       8      0.4878
   49      6.6374      4.4545      1.5007      0.0490       2      0.4921
   50      3.4869      4.5505      4.4338      0.0598       9      0.5484
   51      3.8070      4.3123      4.8431      0.1582       9      0.4946
   52      3.4860      4.5915      4.8431      0.0011       9      0.3658
   53      3.8082      4.4150      4.7067      0.3108       9      0.5401
   54      8.7592      4.7311      4.8431      0.0032       9      0.4887
   55      2.6131      1.2024      3.4106      0.0432       5      0.6437
   56      4.8307      5.2732      3.7517      0.9626       1      0.6481
   57      3.3918      2.5556      1.7053      1.8057      14      0.3833
   58      3.2867      2.3318      1.9100      0.1424      14      0.3278
   59      2.1958      3.2558      0.6821      0.2491       6      0.5838
   60      4.2525      4.6306      3.9563      0.4886       1      0.6280
   61      2.8601      3.7997      0.8868      0.1588       6      0.4991
   62      2.9782      3.8326      0.7503      0.6230       6      0.5998
   63      5.1090      5.2588      3.9563      0.5355       1      0.6435
   64      2.5484      3.2004      0.4775      0.1118       6      0.5009
   65      4.3994      4.6306      3.9563      0.0425       1      0.4813
   66      3.4519      4.0668      0.0682      0.5589      10      0.5114
   67      3.3195      4.1221      0.2729      0.6275      10      0.5921
   68      1.2180      0.4945      1.5689      0.0051      11      0.4870
   69      0.9949      1.4658      0.0000      0.0723      12      0.3389
   70      3.6950      4.7004      3.9563      0.0016       8      0.9967
   71      2.4898      3.1634      0.3411      0.0176       6      0.6538
   72      5.0492      5.1192      3.9563      0.1028       1      0.4918
   73      3.3050      4.0668      0.0682      0.0729      10      0.5889
   74      3.0867      1.9085      3.9563      0.0248       5      0.6383
   75      4.3606      2.7033      2.2510      3.2196      15      0.4454
   76      2.9199      3.9393      0.8868      0.0087       6      0.6497
   77      3.9240      4.2425      4.8431      0.0107       9      0.6101
   78      2.9295      3.4404      1.3643      0.0072       6      0.4947
   79      4.0708      4.2425      4.8431      0.0033       9      0.7567
   80      3.0580      1.9414      3.8199      0.0146       5      0.5124
   81      2.8528      1.8121      3.3424      0.0248       5      0.0356
   82      2.7536      3.3296      0.9550      0.0254       6      0.0419
   83      2.6770      1.7013      2.9331      0.0053       5      0.4836
   84      3.7735      2.6109      1.9100      0.0732      14      0.3490
   85      3.1454      1.9454      4.0928      0.0027       5      0.7910
   86      3.0322      2.2309      3.3424      0.0032       5      0.4693
   87      2.3725      3.0896      0.0682      0.0022       6      0.9597
   88      2.4312      3.1265      0.2046      0.0036       6      0.8067
   89      1.2782      0.0698      0.0000      0.0028      10      0.4780
   90      3.2040      1.9824      4.2292      0.0019       5      0.9437
   91      5.0231      3.0932      2.6603      3.0783      15      0.4265
   92      4.4243      4.3821      4.8431      0.0024       1      1.0413
   93      5.6735      3.8691      3.2060      1.5489      13      0.3756
   94      3.5044      1.9828      1.9100      0.1846      14      0.3377
   95      3.3369      1.7423      3.3424      0.0034       5      0.4731
   96      3.5073      2.2394      1.5689      0.1265      14      0.3431
   97      3.6539      2.3318      1.9100      0.0510      14      0.0549
   98      3.1942      3.3296      0.9550      0.0079       6      0.4757
   99      2.2327      0.0698      0.0000      0.2079      10      0.4775
  100      3.7401      1.9972      1.7053      1.5977      14      0.3782
  101      4.9134      4.6306      3.9563      0.0249       1      0.0437
  102      1.7187      0.0698      0.0000      0.0258      10      0.0427
  103      2.3796      0.0698      0.0000      0.7897      10      0.6242
  104      5.4219      3.5530      3.0696      0.0479      13      0.3293
  105      1.9239      0.1990      0.4775      0.0069      10      0.5077
  106      2.7903      0.0000      0.0000      0.0872       7      0.7291
  107      4.8203      4.3973      0.0000      0.8940       7      0.6113
  108      4.6606      4.2118      3.9563      0.0067       1      0.4968
  109      4.7381      4.5712      3.4788      0.0047       1      0.4979
  110      5.1191      4.8112      4.3656      0.0214       1      0.5051
  111      3.5947      1.2515      4.3656      0.0086      10      0.6416
  112      2.5264      0.0698      0.0000      0.0969      10      0.7710
  113      3.8354      0.4044      0.2046      0.3656       7      0.5970
  114      4.4796      0.5233      1.1596      1.6330       4      0.6511
  115      5.8584      1.7298      4.8431      0.2541       7      0.5033
  116      4.2611      0.6773      0.9550      0.0230       4      0.4918
  117      2.6733      0.0698      0.0000      0.0288       7      0.8524
  118      5.3539      4.6306      3.9563      0.0060       1      0.4749
  119      5.9182      1.8694      4.8431      0.0065       7      0.6545
  120      5.9765      1.7626      4.7067      0.5557       7      0.6182
  121      5.9777      3.3292      3.2742      1.9109      13      0.3839
  122      6.4502      1.9968      4.0245      0.8004       3      0.5039
  123      6.4482      4.6270      1.3643      0.8508       2      0.6457
  124      5.6396      3.2040      3.0696      0.0678      13      0.3525
  125      5.6425      3.4607      2.7285      0.1091      13      0.3441
  126      5.9086      3.8322      3.0696      0.2088      13      0.3351
  127      4.1912      0.9853      0.5457      0.0471       4      0.5056
  128      5.9063      3.6269      3.3424      0.1083      13      0.3466
  129      4.6551      2.8983      2.4557      0.0443      15      0.0389
  130      5.7424      3.9785      0.0000      0.7097       7      0.5428
  131      3.9563      1.1659      0.9550      0.0042       4      0.4636
  132      5.9734      4.0542      1.5689      0.0030       2      0.4753
  133      4.9672      4.3973      0.0000      0.0084       7      0.4648
  134      5.7890      3.5530      3.0696      0.0462      13      0.0479
  135      5.4077      4.3973      0.0000      0.0251       7      0.0426
  136      4.7391      1.4144      0.0682      0.0016       4      0.9934
  137      5.2284      3.9785      0.0000      0.0103       7      0.4881
  138      6.5825      1.9414      3.8199      0.1699       3      0.5596
  139      4.3969      1.1659      0.9550      0.0252       4      0.0349
  140      6.1161      2.4669      3.9563      0.0027       3      0.4728
  141      5.4734      1.4144      0.0682      0.0275      12      0.4739
  142      6.7619      2.5961      4.4338      0.0130       3      0.5039
  143      6.1937      3.8182      0.9550      0.0204       2      0.6534
  144      6.2523      3.8551      1.0914      0.0415       2      0.5005
  145      5.4298      1.2002      4.4338      0.0021       7      0.5000
  146      4.5722      1.2253      1.4325      0.0044       4      0.4954
  147      6.0828      3.5530      3.0696      0.1141      13      0.3339
  148      6.0178      3.7074      0.5457      0.0029       9      1.0749
  149      4.5763      1.5847      0.9550      0.0049       4      0.4692
  150      4.5922      1.4144      0.0682      0.0027       4      0.9563
  151      6.8205      2.6331      4.5702      0.0078       3      0.6568
  152      6.0283      2.9315      0.0000      0.0073       9      0.4650
  153      6.1797      0.8863      3.2742      0.0033       8      0.4792
  154      4.8860      1.4144      0.0682      0.0023       4      1.0499
  155      6.3808      2.3561      3.5471      0.0048       3      0.4916
  156      4.9109      1.1659      0.9550      0.0127       4      0.4924
  157      5.0279      1.0961      0.9550      0.0240       4      0.6106
  158      8.0028      5.7083      4.8431      0.0020       7      0.4658
  159      6.2781      3.5656      1.5689      0.0052       2      0.4694
  160      6.5567      2.4669      3.9563      0.0251       3      0.0389
  161      6.4281      3.9659      1.5007      0.0243       2      0.0495
  162      6.6333      4.0952      1.9782      0.0084       2      0.4956
  163      6.3086      3.6867      1.5007      0.0013       2      0.3452
  164      7.0707      2.4669      3.9563      0.0060       3      0.4828
  -------------------------------------------------------------------------
