   Atom                     Volume(s)
  ------------------------------------------------------------------------
     1   ...      40   49   51   52   60   85   89   96
     2   ...      27   47  126  127  128  156  157  158  159  161
     3   ...      16  110  122  144  147  149  155  160
     4   ...     105  108  111  140  145  146  151  152
     5   ...      13   14   17   61   63   68   69   73   74
     6   ...      26   42   45   46   50   53   58   70   71   75   76   90
     7   ...      88   99  103  104  106  109  112  113  114  116  119  121  133  135  139  143  150  154
     8   ...       7    8    9   10   12   19   20   37   39   41   43   57   64
     9   ...      25   33   34   35   36   38   44   59  148  162
    10   ...      48   54   72   77   80   82   86   91   97   98  100  101  102
    11   ...       2    3    4    5    6   11   56  134  137  138
    12   ...       1   15   18   21   22   23   24   55   62  141  142  153
    13   ...      28   29   79   94   95  107  117  120  125  129  130  131  132  136
    14   ...      30   31   32   66   67   81   83   87   92   93  115  118
    15   ...      65   78   84  123  124
  ------------------------------------------------------------------------
