    #         X           Y           Z        CHARGE     ATOM    DISTANCE
  -------------------------------------------------------------------------
    1      0.8396      1.2287      0.2583      1.3616      12      0.3662
    2      3.1374      4.5736      1.2270      1.3131      11      0.5929
    3      0.6326      0.3328      1.0978      0.0032      11      0.4954
    4      0.8804      0.4432      1.5499      0.0238      11      0.0371
    5      1.0928      0.5378      1.9374      0.7738      11      0.4844
    6      1.1636      0.5693      2.0665      0.2917      11      0.6349
    7      1.3052      0.6324      2.3248      0.0280       8      0.8732
    8      3.6097      5.2285      2.5832      0.8664       8      0.6209
    9      3.8928      5.3547      3.0998      0.0260       8      0.0355
   10      7.3099      1.2243      3.4227      1.7609       8      0.5884
   11      1.2344      0.6009      2.1957      0.0404      11      0.7855
   12      1.3760      0.6640      2.4540      0.0156       8      0.7242
   13      3.3427      1.1437      3.3581      1.0145       5      0.5805
   14      2.6989      1.6950      3.2289      0.2895       5      0.6079
   15      0.5871      1.2304      0.0000      0.0736      12      0.3254
   16      7.3751      1.8386      3.5518      0.9644       3      0.5846
   17      2.7606      1.8561      3.3581      0.1363       5      0.5921
   18      3.3796      2.3674      4.3914      2.2052      12      0.3997
   19      1.8844      1.1454      3.0998      0.0011       8      0.4801
   20      7.5493      1.2749      3.0998      0.0160       8      0.5941
   21      3.1177      2.5617      4.3914      0.3042      12      0.3540
   22      0.9586      1.5683      0.3229      0.0639      12      0.3600
   23      0.7816      1.4894      0.0000      0.0464      12      0.0360
   24      0.8652      1.8132      0.0000      2.4796      12      0.3280
   25      7.0721      3.4130      0.4521      1.9530       9      0.5971
   26      3.0722      3.9593      1.0978      0.9417       6      0.5803
   27      7.1996      3.7492      1.0333      0.9889       2      0.5458
   28      6.6271      3.6744      2.5832      1.8701      13      0.3748
   29      6.6631      3.2824      3.0998      1.8718      13      0.3949
   30      3.7312      2.3195      1.8082      0.0639      14      0.3246
   31      3.8551      2.5155      1.5499      1.8209      14      0.3755
   32      3.8911      2.1235      2.0665      1.7540      14      0.3704
   33      7.2986      3.2030      0.3875      0.0418       9      0.4963
   34      9.5994      4.2279      4.5851      0.0247       9      0.0446
   35      7.3694      3.2345      0.5166      0.0045       9      0.6467
   36      9.3870      4.1333      4.1976      0.0073       9      0.4847
   37      9.2836      5.2601      2.7123      0.1342       8      0.5053
   38      4.1817      4.6165      4.5851      0.0046       9      0.4710
   39      3.7075      4.9661      3.0998      0.0018       8      0.4543
   40      5.6314      4.6182      4.3268      1.0677       1      0.5910
   41      9.7437      5.4651      3.5518      0.0024       8      0.4788
   42      3.1622      3.5110      0.3229      0.7084       6      0.5714
   43      2.2665      0.7569      3.0998      0.0888       8      0.6080
   44      4.5637      4.2279      4.5851      0.0480       9      0.6122
   45      2.5061      3.3939      0.9041      0.1107       6      0.5849
   46      2.7858      3.3167      0.3229      0.0243       6      0.6453
   47      7.1046      4.6541      1.2916      0.9069       2      0.5776
   48      3.7674      4.5139      0.4521      0.7703      10      0.5930
   49      5.6128      5.2218      3.6164      0.8382       1      0.5763
   50      2.8566      3.3483      0.4521      0.1072       6      0.4949
   51      5.0153      4.6863      3.8101      0.0194       1      0.5928
   52      5.1218      4.6705      3.7456      0.0383       1      0.4815
   53      3.3161      3.9609      0.8395      0.2457       6      0.5873
   54      3.7415      4.2740      0.0000      0.5578      10      0.5836
   55      1.0653      1.4894      0.0000      0.0345      12      0.3038
   56      1.3415      0.4274      1.4853      0.0061      11      0.4621
   57      2.1246      0.7569      3.0998      0.0039       8      0.4666
   58      3.3167      3.5533      1.2916      0.0030       6      0.4862
   59      4.4219      4.2279      4.5851      0.0022       9      0.4706
   60      5.8655      5.1886      3.7456      0.2353       1      0.5915
   61      3.5496      1.7896      3.6164      0.0305       5      0.5008
   62      1.2071      1.4894      0.0000      0.0027      12      0.4452
   63      2.8408      1.6950      3.2289      0.0051       5      0.4665
   64      2.4083      0.7569      3.0998      0.0015       8      0.7496
   65      4.9092      2.8026      2.1957      2.1093      15      0.3941
   66      4.2274      2.3826      2.0665      0.0764      14      0.3359
   67      4.4312      2.4805      1.9374      0.6575      14      0.4407
   68      3.5181      2.1326      3.1644      0.0027       5      0.4846
   69      3.3018      1.6793      3.1644      0.0252       5      0.0309
   70      2.8881      3.0053      0.9041      0.0067       6      0.4623
   71      3.0735      3.3939      0.9041      0.0245       6      0.0381
   72      3.6251      4.6085      0.8395      0.0022      10      0.9621
   73      3.0895      1.5846      2.7769      0.0049       5      0.4788
   74      3.6204      1.8212      3.7456      0.0083       5      0.6514
   75      3.2897      3.8472      0.9041      0.0039       6      0.4715
   76      3.5015      4.3495      0.8395      0.0012       6      1.0169
   77      3.5633      4.4790      0.8395      0.0019      10      1.0180
   78      5.6044      3.0758      2.5186      2.1667      15      0.4224
   79      6.2720      3.8005      3.0998      1.8486      13      0.3854
   80      2.3714      0.0648      0.0000      0.4613      10      0.4843
   81      3.9314      1.9957      1.8082      0.0815      14      0.3343
   82      2.4824      0.0000      0.0000      0.4981      10      0.5983
   83      3.9089      2.2407      1.4853      0.0649      14      0.3430
   84      5.4006      2.9778      2.6477      0.0190      15      0.3422
   85      5.6183      4.6705      3.7456      0.0233       1      0.0208
   86      1.8750      0.0648      0.0000      0.0242      10      0.0221
   87      4.2107      2.0132      1.6145      1.8402      14      0.3744
   88      3.1916      0.0000      0.0000      0.8283       7      0.5828
   89      5.4020      4.2172      3.7456      0.0072       1      0.4851
   90      3.5345      3.3781      0.8395      0.0014       6      0.4487
   91      2.1227      0.1751      0.4521      0.0066      10      0.5065
   92      4.0859      2.3195      1.8082      0.0423      14      0.0390
   93      4.2982      2.4141      2.1957      0.0042      14      0.4864
   94      6.0022      3.5589      2.9060      0.0215      13      0.4502
   95      6.1440      3.5589      2.9060      0.0160      13      0.3088
   96      5.3705      4.5601      3.2935      0.0045       1      0.5111
   97      4.0696      1.0424      4.0039      0.0036      10      0.7739
   98      4.1404      1.0739      4.1330      0.0238      10      0.6233
   99      4.0907      0.3711      0.1937      0.3388       7      0.5683
  100      2.6242      0.0000      0.0000      0.0715      10      0.7395
  101      4.2112      1.1055      4.2622      0.0288      10      0.4727
  102      2.7661      0.0000      0.0000      0.0334      10      0.8809
  103      5.5273      4.5978      0.0000      0.0840       7      0.4706
  104      2.9079      0.0000      0.0000      0.0365       7      0.8657
  105      4.5459      1.0012      0.3875      0.8198       4      0.6187
  106      3.0498      0.0000      0.0000      0.0375       7      0.7242
  107      6.0870      3.3173      2.7123      0.5301      13      0.4583
  108      4.5818      0.6093      0.9041      0.1733       4      0.5899
  109      6.5903      1.6376      4.5851      0.1361       7      0.6121
  110      7.2188      2.2064      4.2622      0.6563       3      0.5460
  111      4.8699      0.5919      1.0978      0.8968       4      0.5813
  112      6.3069      4.7240      0.5166      0.0105       7      0.6331
  113      6.6799      1.2840      4.1976      0.3315       7      0.5911
  114      4.0423      0.0946      0.3875      0.0252       7      0.5125
  115      4.3696      2.3195      1.8082      0.0251      14      0.3155
  116      6.5285      1.5081      4.5851      0.0020       7      0.4690
  117      6.3442      3.2351      2.9060      0.0360      13      0.3204
  118      4.5114      2.3195      1.8082      0.0237      14      0.4571
  119      8.8920      5.6228      4.1976      0.9770       7      0.5652
  120      6.3217      3.4801      2.5832      0.0355      13      0.3322
  121      6.6521      1.7671      4.5851      0.0043       7      0.7553
  122      7.1311      1.8369      3.8101      0.2381       3      0.5918
  123      5.2236      2.8989      2.3248      0.0397      15      0.0413
  124      5.0821      2.8359      2.0665      0.0160      15      0.3370
  125      6.6402      3.6220      3.1644      0.0693      13      0.3489
  126      6.8977      4.0083      1.0333      0.0707       2      0.4900
  127      6.8269      3.9767      0.9041      0.0240       2      0.6406
  128      6.6845      4.1029      1.4207      0.0024       2      0.4586
  129      6.2509      3.4485      2.4540      0.0112      13      0.4823
  130      6.4277      3.5589      2.9060      0.0469      13      0.0395
  131      6.6223      3.8180      2.9060      0.0260      13      0.3303
  132      6.2824      3.1056      2.9060      0.0094      13      0.4631
  133      6.0238      4.5978      0.0000      0.0247       7      0.0413
  134      5.9517      0.4274      1.4853      0.1182      11      0.6036
  135      8.3246      5.6228      4.1976      0.0068       7      0.4981
  136      6.7824      3.5589      2.9060      0.0509      13      0.3326
  137      5.8098      0.4274      1.4853      0.0074      11      0.7453
  138      6.0935      0.4274      1.4853      0.0066      11      0.4620
  139      6.8222      1.1894      3.8101      0.0022       7      0.9619
  140      4.8290      1.1274      0.9041      0.0233       4      0.0206
  141      6.1010      1.4894      0.0000      0.1832      12      0.3375
  142      5.9945      1.5052      0.0646      0.0297      12      0.4440
  143      5.7674      4.2093      0.0000      0.0026       7      0.4683
  144      7.1575      1.9507      3.7456      0.0035       3      0.4755
  145      5.0768      1.2377      1.3562      0.0055       4      0.5113
  146      5.2853      1.5052      0.0646      0.0025       4      1.0309
  147      7.6615      2.4812      4.3268      0.0229       3      0.6488
  148      6.6145      3.8821      0.5166      0.0017       9      1.0863
  149      7.5907      2.4496      4.1976      0.0101       3      0.4986
  150      6.8840      1.3189      3.8101      0.0019       7      1.0167
  151      5.1434      1.5052      0.0646      0.0021       4      0.9769
  152      5.4320      1.1116      0.8395      0.0246       4      0.6052
  153      5.4271      1.5052      0.0646      0.0025      12      1.0106
  154      6.4493      4.5978      0.0000      0.0014       7      0.4536
  155      7.3738      2.4040      3.7456      0.0242       3      0.0338
  156      7.0001      3.6653      1.4853      0.0054       2      0.4583
  157      7.1101      4.1029      1.4207      0.0240       2      0.0423
  158      7.3578      4.2132      1.8728      0.0058       2      0.4898
  159      7.6065      4.1029      1.4207      0.0047       2      0.4651
  160      7.9412      2.4040      3.7456      0.0208       3      0.5875
  161      7.7484      4.1029      1.4207      0.1268       2      0.6067
  162      6.6298      3.0436      0.0000      0.0025       9      0.4506
  -------------------------------------------------------------------------
