Automatically generated mesh
     220
Reciprocal lattice
    0.00000000000000    0.00000000000000    0.00000000000000             1
    0.16666666666667   -0.00000000000000   -0.00000000000000             2
    0.33333333333333   -0.00000000000000   -0.00000000000000             2
    0.50000000000000   -0.00000000000000    0.00000000000000             1
    0.00000000000000    0.16666666666667    0.00000000000000             2
    0.16666666666667    0.16666666666667   -0.00000000000000             2
    0.33333333333333    0.16666666666667    0.00000000000000             2
    0.50000000000000    0.16666666666667    0.00000000000000             2
   -0.33333333333333    0.16666666666667    0.00000000000000             2
   -0.16666666666667    0.16666666666667    0.00000000000000             2
    0.00000000000000    0.33333333333333    0.00000000000000             2
    0.16666666666667    0.33333333333333   -0.00000000000000             2
    0.33333333333333    0.33333333333333   -0.00000000000000             2
    0.50000000000000    0.33333333333333    0.00000000000000             2
   -0.33333333333333    0.33333333333333    0.00000000000000             2
   -0.16666666666667    0.33333333333333    0.00000000000000             2
    0.00000000000000    0.50000000000000    0.00000000000000             1
    0.16666666666667    0.50000000000000    0.00000000000000             2
    0.33333333333333    0.50000000000000   -0.00000000000000             2
    0.50000000000000    0.50000000000000   -0.00000000000000             1
    0.00000000000000    0.00000000000000    0.08333333333333             2
    0.16666666666667   -0.00000000000000    0.08333333333333             2
    0.33333333333333   -0.00000000000000    0.08333333333333             2
    0.50000000000000   -0.00000000000000    0.08333333333333             2
   -0.33333333333333    0.00000000000000    0.08333333333333             2
   -0.16666666666667    0.00000000000000    0.08333333333333             2
    0.00000000000000    0.16666666666667    0.08333333333333             2
    0.16666666666667    0.16666666666667    0.08333333333333             2
    0.33333333333333    0.16666666666667    0.08333333333333             2
    0.50000000000000    0.16666666666667    0.08333333333333             2
   -0.33333333333333    0.16666666666667    0.08333333333333             2
   -0.16666666666667    0.16666666666667    0.08333333333333             2
    0.00000000000000    0.33333333333333    0.08333333333333             2
    0.16666666666667    0.33333333333333    0.08333333333333             2
    0.33333333333333    0.33333333333333    0.08333333333333             2
    0.50000000000000    0.33333333333333    0.08333333333333             2
   -0.33333333333333    0.33333333333333    0.08333333333333             2
   -0.16666666666667    0.33333333333333    0.08333333333333             2
    0.00000000000000    0.50000000000000    0.08333333333333             2
    0.16666666666667    0.50000000000000    0.08333333333333             2
    0.33333333333333    0.50000000000000    0.08333333333333             2
    0.50000000000000    0.50000000000000    0.08333333333333             2
   -0.33333333333333    0.50000000000000    0.08333333333333             2
   -0.16666666666667    0.50000000000000    0.08333333333333             2
    0.00000000000000   -0.33333333333333    0.08333333333333             2
    0.16666666666667   -0.33333333333333    0.08333333333333             2
    0.33333333333333   -0.33333333333333    0.08333333333333             2
    0.50000000000000   -0.33333333333333    0.08333333333333             2
   -0.33333333333333   -0.33333333333333    0.08333333333333             2
   -0.16666666666667   -0.33333333333333    0.08333333333333             2
    0.00000000000000   -0.16666666666667    0.08333333333333             2
    0.16666666666667   -0.16666666666667    0.08333333333333             2
    0.33333333333333   -0.16666666666667    0.08333333333333             2
    0.50000000000000   -0.16666666666667    0.08333333333333             2
   -0.33333333333333   -0.16666666666667    0.08333333333333             2
   -0.16666666666667   -0.16666666666667    0.08333333333333             2
    0.00000000000000    0.00000000000000    0.16666666666667             2
    0.16666666666667   -0.00000000000000    0.16666666666667             2
    0.33333333333333   -0.00000000000000    0.16666666666667             2
    0.50000000000000   -0.00000000000000    0.16666666666667             2
   -0.33333333333333    0.00000000000000    0.16666666666667             2
   -0.16666666666667    0.00000000000000    0.16666666666667             2
    0.00000000000000    0.16666666666667    0.16666666666667             2
    0.16666666666667    0.16666666666667    0.16666666666667             2
    0.33333333333333    0.16666666666667    0.16666666666667             2
    0.50000000000000    0.16666666666667    0.16666666666667             2
   -0.33333333333333    0.16666666666667    0.16666666666667             2
   -0.16666666666667    0.16666666666667    0.16666666666667             2
    0.00000000000000    0.33333333333333    0.16666666666667             2
    0.16666666666667    0.33333333333333    0.16666666666667             2
    0.33333333333333    0.33333333333333    0.16666666666667             2
    0.50000000000000    0.33333333333333    0.16666666666667             2
   -0.33333333333333    0.33333333333333    0.16666666666667             2
   -0.16666666666667    0.33333333333333    0.16666666666667             2
    0.00000000000000    0.50000000000000    0.16666666666667             2
    0.16666666666667    0.50000000000000    0.16666666666667             2
    0.33333333333333    0.50000000000000    0.16666666666667             2
    0.50000000000000    0.50000000000000    0.16666666666667             2
   -0.33333333333333    0.50000000000000    0.16666666666667             2
   -0.16666666666667    0.50000000000000    0.16666666666667             2
    0.00000000000000   -0.33333333333333    0.16666666666667             2
    0.16666666666667   -0.33333333333333    0.16666666666667             2
    0.33333333333333   -0.33333333333333    0.16666666666667             2
    0.50000000000000   -0.33333333333333    0.16666666666667             2
   -0.33333333333333   -0.33333333333333    0.16666666666667             2
   -0.16666666666667   -0.33333333333333    0.16666666666667             2
    0.00000000000000   -0.16666666666667    0.16666666666667             2
    0.16666666666667   -0.16666666666667    0.16666666666667             2
    0.33333333333333   -0.16666666666667    0.16666666666667             2
    0.50000000000000   -0.16666666666667    0.16666666666667             2
   -0.33333333333333   -0.16666666666667    0.16666666666667             2
   -0.16666666666667   -0.16666666666667    0.16666666666667             2
    0.00000000000000    0.00000000000000    0.25000000000000             2
    0.16666666666667   -0.00000000000000    0.25000000000000             2
    0.33333333333333   -0.00000000000000    0.25000000000000             2
    0.50000000000000   -0.00000000000000    0.25000000000000             2
   -0.33333333333333    0.00000000000000    0.25000000000000             2
   -0.16666666666667    0.00000000000000    0.25000000000000             2
    0.00000000000000    0.16666666666667    0.25000000000000             2
    0.16666666666667    0.16666666666667    0.25000000000000             2
    0.33333333333333    0.16666666666667    0.25000000000000             2
    0.50000000000000    0.16666666666667    0.25000000000000             2
   -0.33333333333333    0.16666666666667    0.25000000000000             2
   -0.16666666666667    0.16666666666667    0.25000000000000             2
    0.00000000000000    0.33333333333333    0.25000000000000             2
    0.16666666666667    0.33333333333333    0.25000000000000             2
    0.33333333333333    0.33333333333333    0.25000000000000             2
    0.50000000000000    0.33333333333333    0.25000000000000             2
   -0.33333333333333    0.33333333333333    0.25000000000000             2
   -0.16666666666667    0.33333333333333    0.25000000000000             2
    0.00000000000000    0.50000000000000    0.25000000000000             2
    0.16666666666667    0.50000000000000    0.25000000000000             2
    0.33333333333333    0.50000000000000    0.25000000000000             2
    0.50000000000000    0.50000000000000    0.25000000000000             2
   -0.33333333333333    0.50000000000000    0.25000000000000             2
   -0.16666666666667    0.50000000000000    0.25000000000000             2
    0.00000000000000   -0.33333333333333    0.25000000000000             2
    0.16666666666667   -0.33333333333333    0.25000000000000             2
    0.33333333333333   -0.33333333333333    0.25000000000000             2
    0.50000000000000   -0.33333333333333    0.25000000000000             2
   -0.33333333333333   -0.33333333333333    0.25000000000000             2
   -0.16666666666667   -0.33333333333333    0.25000000000000             2
    0.00000000000000   -0.16666666666667    0.25000000000000             2
    0.16666666666667   -0.16666666666667    0.25000000000000             2
    0.33333333333333   -0.16666666666667    0.25000000000000             2
    0.50000000000000   -0.16666666666667    0.25000000000000             2
   -0.33333333333333   -0.16666666666667    0.25000000000000             2
   -0.16666666666667   -0.16666666666667    0.25000000000000             2
    0.00000000000000    0.00000000000000    0.33333333333333             2
    0.16666666666667   -0.00000000000000    0.33333333333333             2
    0.33333333333333   -0.00000000000000    0.33333333333333             2
    0.50000000000000   -0.00000000000000    0.33333333333333             2
   -0.33333333333333    0.00000000000000    0.33333333333333             2
   -0.16666666666667    0.00000000000000    0.33333333333333             2
    0.00000000000000    0.16666666666667    0.33333333333333             2
    0.16666666666667    0.16666666666667    0.33333333333333             2
    0.33333333333333    0.16666666666667    0.33333333333333             2
    0.50000000000000    0.16666666666667    0.33333333333333             2
   -0.33333333333333    0.16666666666667    0.33333333333333             2
   -0.16666666666667    0.16666666666667    0.33333333333333             2
    0.00000000000000    0.33333333333333    0.33333333333333             2
    0.16666666666667    0.33333333333333    0.33333333333333             2
    0.33333333333333    0.33333333333333    0.33333333333333             2
    0.50000000000000    0.33333333333333    0.33333333333333             2
   -0.33333333333333    0.33333333333333    0.33333333333333             2
   -0.16666666666667    0.33333333333333    0.33333333333333             2
    0.00000000000000    0.50000000000000    0.33333333333333             2
    0.16666666666667    0.50000000000000    0.33333333333333             2
    0.33333333333333    0.50000000000000    0.33333333333333             2
    0.50000000000000    0.50000000000000    0.33333333333333             2
   -0.33333333333333    0.50000000000000    0.33333333333333             2
   -0.16666666666667    0.50000000000000    0.33333333333333             2
    0.00000000000000   -0.33333333333333    0.33333333333333             2
    0.16666666666667   -0.33333333333333    0.33333333333333             2
    0.33333333333333   -0.33333333333333    0.33333333333333             2
    0.50000000000000   -0.33333333333333    0.33333333333333             2
   -0.33333333333333   -0.33333333333333    0.33333333333333             2
   -0.16666666666667   -0.33333333333333    0.33333333333333             2
    0.00000000000000   -0.16666666666667    0.33333333333333             2
    0.16666666666667   -0.16666666666667    0.33333333333333             2
    0.33333333333333   -0.16666666666667    0.33333333333333             2
    0.50000000000000   -0.16666666666667    0.33333333333333             2
   -0.33333333333333   -0.16666666666667    0.33333333333333             2
   -0.16666666666667   -0.16666666666667    0.33333333333333             2
    0.00000000000000    0.00000000000000    0.41666666666667             2
    0.16666666666667   -0.00000000000000    0.41666666666667             2
    0.33333333333333   -0.00000000000000    0.41666666666667             2
    0.50000000000000   -0.00000000000000    0.41666666666667             2
   -0.33333333333333    0.00000000000000    0.41666666666667             2
   -0.16666666666667    0.00000000000000    0.41666666666667             2
    0.00000000000000    0.16666666666667    0.41666666666667             2
    0.16666666666667    0.16666666666667    0.41666666666667             2
    0.33333333333333    0.16666666666667    0.41666666666667             2
    0.50000000000000    0.16666666666667    0.41666666666667             2
   -0.33333333333333    0.16666666666667    0.41666666666667             2
   -0.16666666666667    0.16666666666667    0.41666666666667             2
    0.00000000000000    0.33333333333333    0.41666666666667             2
    0.16666666666667    0.33333333333333    0.41666666666667             2
    0.33333333333333    0.33333333333333    0.41666666666667             2
    0.50000000000000    0.33333333333333    0.41666666666667             2
   -0.33333333333333    0.33333333333333    0.41666666666667             2
   -0.16666666666667    0.33333333333333    0.41666666666667             2
    0.00000000000000    0.50000000000000    0.41666666666667             2
    0.16666666666667    0.50000000000000    0.41666666666667             2
    0.33333333333333    0.50000000000000    0.41666666666667             2
    0.50000000000000    0.50000000000000    0.41666666666667             2
   -0.33333333333333    0.50000000000000    0.41666666666667             2
   -0.16666666666667    0.50000000000000    0.41666666666667             2
    0.00000000000000   -0.33333333333333    0.41666666666667             2
    0.16666666666667   -0.33333333333333    0.41666666666667             2
    0.33333333333333   -0.33333333333333    0.41666666666667             2
    0.50000000000000   -0.33333333333333    0.41666666666667             2
   -0.33333333333333   -0.33333333333333    0.41666666666667             2
   -0.16666666666667   -0.33333333333333    0.41666666666667             2
    0.00000000000000   -0.16666666666667    0.41666666666667             2
    0.16666666666667   -0.16666666666667    0.41666666666667             2
    0.33333333333333   -0.16666666666667    0.41666666666667             2
    0.50000000000000   -0.16666666666667    0.41666666666667             2
   -0.33333333333333   -0.16666666666667    0.41666666666667             2
   -0.16666666666667   -0.16666666666667    0.41666666666667             2
    0.00000000000000    0.00000000000000    0.50000000000000             1
    0.16666666666667   -0.00000000000000    0.50000000000000             2
    0.33333333333333   -0.00000000000000    0.50000000000000             2
    0.50000000000000   -0.00000000000000    0.50000000000000             1
    0.00000000000000    0.16666666666667    0.50000000000000             2
    0.16666666666667    0.16666666666667    0.50000000000000             2
    0.33333333333333    0.16666666666667    0.50000000000000             2
    0.50000000000000    0.16666666666667    0.50000000000000             2
   -0.33333333333333    0.16666666666667    0.50000000000000             2
   -0.16666666666667    0.16666666666667    0.50000000000000             2
    0.00000000000000    0.33333333333333    0.50000000000000             2
    0.16666666666667    0.33333333333333    0.50000000000000             2
    0.33333333333333    0.33333333333333    0.50000000000000             2
    0.50000000000000    0.33333333333333    0.50000000000000             2
   -0.33333333333333    0.33333333333333    0.50000000000000             2
   -0.16666666666667    0.33333333333333    0.50000000000000             2
    0.00000000000000    0.50000000000000    0.50000000000000             1
    0.16666666666667    0.50000000000000    0.50000000000000             2
    0.33333333333333    0.50000000000000    0.50000000000000             2
    0.50000000000000    0.50000000000000    0.50000000000000             1
Tetrahedra
      1296    0.00038580246914
         2         1         5         6        28
         2         1         2         6        28
         2         1         2        22        28
         2         1         5        27        28
         2         1        21        27        28
         2         1        21        22        28
         2         2         6         7        29
         2         2         3         7        29
         2         2         3        23        29
         2         2         6        28        29
         2         2        22        28        29
         2         2        22        23        29
         2         3         7         8        30
         2         3         4         8        30
         2         3         4        24        30
         2         3         7        29        30
         2         3        23        29        30
         2         3        23        24        30
         2         4         8         9        31
         2         3         4         9        31
         2         3         4        25        31
         2         4         8        30        31
         2         4        24        30        31
         2         4        24        25        31
         2         3         9        10        32
         2         2         3        10        32
         2         2         3        26        32
         2         3         9        31        32
         2         3        25        31        32
         2         3        25        26        32
         2         2         5        10        27
         2         1         2         5        27
         2         1         2        21        27
         2         2        10        27        32
         2         2        26        27        32
         2         2        21        26        27
         2         5        11        12        34
         2         5         6        12        34
         2         5         6        28        34
         2         5        11        33        34
         2         5        27        33        34
         2         5        27        28        34
         2         6        12        13        35
         2         6         7        13        35
         2         6         7        29        35
         2         6        12        34        35
         2         6        28        34        35
         2         6        28        29        35
         2         7        13        14        36
         2         7         8        14        36
         2         7         8        30        36
         2         7        13        35        36
         2         7        29        35        36
         2         7        29        30        36
         2         8        14        15        37
         2         8         9        15        37
         2         8         9        31        37
         2         8        14        36        37
         2         8        30        36        37
         2         8        30        31        37
         2         9        15        16        38
         2         9        10        16        38
         2         9        10        32        38
         2         9        15        37        38
         2         9        31        37        38
         2         9        31        32        38
         2        10        11        16        33
         2         5        10        11        33
         2         5        10        27        33
         2        10        16        33        38
         2        10        32        33        38
         2        10        27        32        33
         2        11        17        18        40
         2        11        12        18        40
         2        11        12        34        40
         2        11        17        39        40
         2        11        33        39        40
         2        11        33        34        40
         2        12        18        19        41
         2        12        13        19        41
         2        12        13        35        41
         2        12        18        40        41
         2        12        34        40        41
         2        12        34        35        41
         2        13        19        20        42
         2        13        14        20        42
         2        13        14        36        42
         2        13        19        41        42
         2        13        35        41        42
         2        13        35        36        42
         2        14        19        20        43
         2        14        15        19        43
         2        14        15        37        43
         2        14        20        42        43
         2        14        36        42        43
         2        14        36        37        43
         2        15        18        19        44
         2        15        16        18        44
         2        15        16        38        44
         2        15        19        43        44
         2        15        37        43        44
         2        15        37        38        44
         2        16        17        18        39
         2        11        16        17        39
         2        11        16        33        39
         2        16        18        39        44
         2        16        38        39        44
         2        16        33        38        39
         2        11        16        17        46
         2        16        17        18        46
         2        17        18        40        46
         2        11        17        45        46
         2        17        39        45        46
         2        17        39        40        46
         2        15        16        18        47
         2        15        18        19        47
         2        18        19        41        47
         2        16        18        46        47
         2        18        40        46        47
         2        18        40        41        47
         2        14        15        19        48
         2        14        19        20        48
         2        19        20        42        48
         2        15        19        47        48
         2        19        41        47        48
         2        19        41        42        48
         2        13        14        20        49
         2        13        19        20        49
         2        19        20        43        49
         2        14        20        48        49
         2        20        42        48        49
         2        20        42        43        49
         2        12        13        19        50
         2        12        18        19        50
         2        18        19        44        50
         2        13        19        49        50
         2        19        43        49        50
         2        19        43        44        50
         2        11        12        18        45
         2        11        17        18        45
         2        17        18        39        45
         2        12        18        45        50
         2        18        44        45        50
         2        18        39        44        45
         2         5        10        11        52
         2        10        11        16        52
         2        11        16        46        52
         2         5        11        51        52
         2        11        45        51        52
         2        11        45        46        52
         2         9        10        16        53
         2         9        15        16        53
         2        15        16        47        53
         2        10        16        52        53
         2        16        46        52        53
         2        16        46        47        53
         2         8         9        15        54
         2         8        14        15        54
         2        14        15        48        54
         2         9        15        53        54
         2        15        47        53        54
         2        15        47        48        54
         2         7         8        14        55
         2         7        13        14        55
         2        13        14        49        55
         2         8        14        54        55
         2        14        48        54        55
         2        14        48        49        55
         2         6         7        13        56
         2         6        12        13        56
         2        12        13        50        56
         2         7        13        55        56
         2        13        49        55        56
         2        13        49        50        56
         2         5         6        12        51
         2         5        11        12        51
         2        11        12        45        51
         2         6        12        51        56
         2        12        50        51        56
         2        12        45        50        51
         2         1         2         5        22
         2         2         5        10        22
         2         5        10        22        52
         2         1         5        21        22
         2         5        21        22        51
         2         5        22        51        52
         2         2         3        10        23
         2         3         9        10        23
         2         9        10        23        53
         2         2        10        22        23
         2        10        22        23        52
         2        10        23        52        53
         2         3         4         9        24
         2         4         8         9        24
         2         8         9        24        54
         2         3         9        23        24
         2         9        23        24        53
         2         9        24        53        54
         2         3         4         8        25
         2         3         7         8        25
         2         7         8        25        55
         2         4         8        24        25
         2         8        24        25        54
         2         8        25        54        55
         2         2         3         7        26
         2         2         6         7        26
         2         6         7        26        56
         2         3         7        25        26
         2         7        25        26        55
         2         7        26        55        56
         2         1         2         6        21
         2         1         5         6        21
         2         5         6        21        51
         2         2         6        21        26
         2         6        21        26        56
         2         6        21        51        56
         2        21        27        28        64
         2        21        22        28        64
         2        21        22        58        64
         2        21        27        63        64
         2        21        57        63        64
         2        21        57        58        64
         2        22        28        29        65
         2        22        23        29        65
         2        22        23        59        65
         2        22        28        64        65
         2        22        58        64        65
         2        22        58        59        65
         2        23        29        30        66
         2        23        24        30        66
         2        23        24        60        66
         2        23        29        65        66
         2        23        59        65        66
         2        23        59        60        66
         2        24        30        31        67
         2        24        25        31        67
         2        24        25        61        67
         2        24        30        66        67
         2        24        60        66        67
         2        24        60        61        67
         2        25        31        32        68
         2        25        26        32        68
         2        25        26        62        68
         2        25        31        67        68
         2        25        61        67        68
         2        25        61        62        68
         2        26        27        32        63
         2        21        26        27        63
         2        21        26        57        63
         2        26        32        63        68
         2        26        62        63        68
         2        26        57        62        63
         2        27        33        34        70
         2        27        28        34        70
         2        27        28        64        70
         2        27        33        69        70
         2        27        63        69        70
         2        27        63        64        70
         2        28        34        35        71
         2        28        29        35        71
         2        28        29        65        71
         2        28        34        70        71
         2        28        64        70        71
         2        28        64        65        71
         2        29        35        36        72
         2        29        30        36        72
         2        29        30        66        72
         2        29        35        71        72
         2        29        65        71        72
         2        29        65        66        72
         2        30        36        37        73
         2        30        31        37        73
         2        30        31        67        73
         2        30        36        72        73
         2        30        66        72        73
         2        30        66        67        73
         2        31        37        38        74
         2        31        32        38        74
         2        31        32        68        74
         2        31        37        73        74
         2        31        67        73        74
         2        31        67        68        74
         2        32        33        38        69
         2        27        32        33        69
         2        27        32        63        69
         2        32        38        69        74
         2        32        68        69        74
         2        32        63        68        69
         2        33        39        40        76
         2        33        34        40        76
         2        33        34        70        76
         2        33        39        75        76
         2        33        69        75        76
         2        33        69        70        76
         2        34        40        41        77
         2        34        35        41        77
         2        34        35        71        77
         2        34        40        76        77
         2        34        70        76        77
         2        34        70        71        77
         2        35        41        42        78
         2        35        36        42        78
         2        35        36        72        78
         2        35        41        77        78
         2        35        71        77        78
         2        35        71        72        78
         2        36        42        43        79
         2        36        37        43        79
         2        36        37        73        79
         2        36        42        78        79
         2        36        72        78        79
         2        36        72        73        79
         2        37        43        44        80
         2        37        38        44        80
         2        37        38        74        80
         2        37        43        79        80
         2        37        73        79        80
         2        37        73        74        80
         2        38        39        44        75
         2        33        38        39        75
         2        33        38        69        75
         2        38        44        75        80
         2        38        74        75        80
         2        38        69        74        75
         2        39        45        46        82
         2        39        40        46        82
         2        39        40        76        82
         2        39        45        81        82
         2        39        75        81        82
         2        39        75        76        82
         2        40        46        47        83
         2        40        41        47        83
         2        40        41        77        83
         2        40        46        82        83
         2        40        76        82        83
         2        40        76        77        83
         2        41        47        48        84
         2        41        42        48        84
         2        41        42        78        84
         2        41        47        83        84
         2        41        77        83        84
         2        41        77        78        84
         2        42        48        49        85
         2        42        43        49        85
         2        42        43        79        85
         2        42        48        84        85
         2        42        78        84        85
         2        42        78        79        85
         2        43        49        50        86
         2        43        44        50        86
         2        43        44        80        86
         2        43        49        85        86
         2        43        79        85        86
         2        43        79        80        86
         2        44        45        50        81
         2        39        44        45        81
         2        39        44        75        81
         2        44        50        81        86
         2        44        80        81        86
         2        44        75        80        81
         2        45        51        52        88
         2        45        46        52        88
         2        45        46        82        88
         2        45        51        87        88
         2        45        81        87        88
         2        45        81        82        88
         2        46        52        53        89
         2        46        47        53        89
         2        46        47        83        89
         2        46        52        88        89
         2        46        82        88        89
         2        46        82        83        89
         2        47        53        54        90
         2        47        48        54        90
         2        47        48        84        90
         2        47        53        89        90
         2        47        83        89        90
         2        47        83        84        90
         2        48        54        55        91
         2        48        49        55        91
         2        48        49        85        91
         2        48        54        90        91
         2        48        84        90        91
         2        48        84        85        91
         2        49        55        56        92
         2        49        50        56        92
         2        49        50        86        92
         2        49        55        91        92
         2        49        85        91        92
         2        49        85        86        92
         2        50        51        56        87
         2        45        50        51        87
         2        45        50        81        87
         2        50        56        87        92
         2        50        86        87        92
         2        50        81        86        87
         2        21        22        51        58
         2        22        51        52        58
         2        51        52        58        88
         2        21        51        57        58
         2        51        57        58        87
         2        51        58        87        88
         2        22        23        52        59
         2        23        52        53        59
         2        52        53        59        89
         2        22        52        58        59
         2        52        58        59        88
         2        52        59        88        89
         2        23        24        53        60
         2        24        53        54        60
         2        53        54        60        90
         2        23        53        59        60
         2        53        59        60        89
         2        53        60        89        90
         2        24        25        54        61
         2        25        54        55        61
         2        54        55        61        91
         2        24        54        60        61
         2        54        60        61        90
         2        54        61        90        91
         2        25        26        55        62
         2        26        55        56        62
         2        55        56        62        92
         2        25        55        61        62
         2        55        61        62        91
         2        55        62        91        92
         2        21        26        56        57
         2        21        51        56        57
         2        51        56        57        87
         2        26        56        57        62
         2        56        57        62        92
         2        56        57        87        92
         2        57        63        64       100
         2        57        58        64       100
         2        57        58        94       100
         2        57        63        99       100
         2        57        93        99       100
         2        57        93        94       100
         2        58        64        65       101
         2        58        59        65       101
         2        58        59        95       101
         2        58        64       100       101
         2        58        94       100       101
         2        58        94        95       101
         2        59        65        66       102
         2        59        60        66       102
         2        59        60        96       102
         2        59        65       101       102
         2        59        95       101       102
         2        59        95        96       102
         2        60        66        67       103
         2        60        61        67       103
         2        60        61        97       103
         2        60        66       102       103
         2        60        96       102       103
         2        60        96        97       103
         2        61        67        68       104
         2        61        62        68       104
         2        61        62        98       104
         2        61        67       103       104
         2        61        97       103       104
         2        61        97        98       104
         2        62        63        68        99
         2        57        62        63        99
         2        57        62        93        99
         2        62        68        99       104
         2        62        98        99       104
         2        62        93        98        99
         2        63        69        70       106
         2        63        64        70       106
         2        63        64       100       106
         2        63        69       105       106
         2        63        99       105       106
         2        63        99       100       106
         2        64        70        71       107
         2        64        65        71       107
         2        64        65       101       107
         2        64        70       106       107
         2        64       100       106       107
         2        64       100       101       107
         2        65        71        72       108
         2        65        66        72       108
         2        65        66       102       108
         2        65        71       107       108
         2        65       101       107       108
         2        65       101       102       108
         2        66        72        73       109
         2        66        67        73       109
         2        66        67       103       109
         2        66        72       108       109
         2        66       102       108       109
         2        66       102       103       109
         2        67        73        74       110
         2        67        68        74       110
         2        67        68       104       110
         2        67        73       109       110
         2        67       103       109       110
         2        67       103       104       110
         2        68        69        74       105
         2        63        68        69       105
         2        63        68        99       105
         2        68        74       105       110
         2        68       104       105       110
         2        68        99       104       105
         2        69        75        76       112
         2        69        70        76       112
         2        69        70       106       112
         2        69        75       111       112
         2        69       105       111       112
         2        69       105       106       112
         2        70        76        77       113
         2        70        71        77       113
         2        70        71       107       113
         2        70        76       112       113
         2        70       106       112       113
         2        70       106       107       113
         2        71        77        78       114
         2        71        72        78       114
         2        71        72       108       114
         2        71        77       113       114
         2        71       107       113       114
         2        71       107       108       114
         2        72        78        79       115
         2        72        73        79       115
         2        72        73       109       115
         2        72        78       114       115
         2        72       108       114       115
         2        72       108       109       115
         2        73        79        80       116
         2        73        74        80       116
         2        73        74       110       116
         2        73        79       115       116
         2        73       109       115       116
         2        73       109       110       116
         2        74        75        80       111
         2        69        74        75       111
         2        69        74       105       111
         2        74        80       111       116
         2        74       110       111       116
         2        74       105       110       111
         2        75        81        82       118
         2        75        76        82       118
         2        75        76       112       118
         2        75        81       117       118
         2        75       111       117       118
         2        75       111       112       118
         2        76        82        83       119
         2        76        77        83       119
         2        76        77       113       119
         2        76        82       118       119
         2        76       112       118       119
         2        76       112       113       119
         2        77        83        84       120
         2        77        78        84       120
         2        77        78       114       120
         2        77        83       119       120
         2        77       113       119       120
         2        77       113       114       120
         2        78        84        85       121
         2        78        79        85       121
         2        78        79       115       121
         2        78        84       120       121
         2        78       114       120       121
         2        78       114       115       121
         2        79        85        86       122
         2        79        80        86       122
         2        79        80       116       122
         2        79        85       121       122
         2        79       115       121       122
         2        79       115       116       122
         2        80        81        86       117
         2        75        80        81       117
         2        75        80       111       117
         2        80        86       117       122
         2        80       116       117       122
         2        80       111       116       117
         2        81        87        88       124
         2        81        82        88       124
         2        81        82       118       124
         2        81        87       123       124
         2        81       117       123       124
         2        81       117       118       124
         2        82        88        89       125
         2        82        83        89       125
         2        82        83       119       125
         2        82        88       124       125
         2        82       118       124       125
         2        82       118       119       125
         2        83        89        90       126
         2        83        84        90       126
         2        83        84       120       126
         2        83        89       125       126
         2        83       119       125       126
         2        83       119       120       126
         2        84        90        91       127
         2        84        85        91       127
         2        84        85       121       127
         2        84        90       126       127
         2        84       120       126       127
         2        84       120       121       127
         2        85        91        92       128
         2        85        86        92       128
         2        85        86       122       128
         2        85        91       127       128
         2        85       121       127       128
         2        85       121       122       128
         2        86        87        92       123
         2        81        86        87       123
         2        81        86       117       123
         2        86        92       123       128
         2        86       122       123       128
         2        86       117       122       123
         2        57        58        87        94
         2        58        87        88        94
         2        87        88        94       124
         2        57        87        93        94
         2        87        93        94       123
         2        87        94       123       124
         2        58        59        88        95
         2        59        88        89        95
         2        88        89        95       125
         2        58        88        94        95
         2        88        94        95       124
         2        88        95       124       125
         2        59        60        89        96
         2        60        89        90        96
         2        89        90        96       126
         2        59        89        95        96
         2        89        95        96       125
         2        89        96       125       126
         2        60        61        90        97
         2        61        90        91        97
         2        90        91        97       127
         2        60        90        96        97
         2        90        96        97       126
         2        90        97       126       127
         2        61        62        91        98
         2        62        91        92        98
         2        91        92        98       128
         2        61        91        97        98
         2        91        97        98       127
         2        91        98       127       128
         2        57        62        92        93
         2        57        87        92        93
         2        87        92        93       123
         2        62        92        93        98
         2        92        93        98       128
         2        92        93       123       128
         2        93        99       100       136
         2        93        94       100       136
         2        93        94       130       136
         2        93        99       135       136
         2        93       129       135       136
         2        93       129       130       136
         2        94       100       101       137
         2        94        95       101       137
         2        94        95       131       137
         2        94       100       136       137
         2        94       130       136       137
         2        94       130       131       137
         2        95       101       102       138
         2        95        96       102       138
         2        95        96       132       138
         2        95       101       137       138
         2        95       131       137       138
         2        95       131       132       138
         2        96       102       103       139
         2        96        97       103       139
         2        96        97       133       139
         2        96       102       138       139
         2        96       132       138       139
         2        96       132       133       139
         2        97       103       104       140
         2        97        98       104       140
         2        97        98       134       140
         2        97       103       139       140
         2        97       133       139       140
         2        97       133       134       140
         2        98        99       104       135
         2        93        98        99       135
         2        93        98       129       135
         2        98       104       135       140
         2        98       134       135       140
         2        98       129       134       135
         2        99       105       106       142
         2        99       100       106       142
         2        99       100       136       142
         2        99       105       141       142
         2        99       135       141       142
         2        99       135       136       142
         2       100       106       107       143
         2       100       101       107       143
         2       100       101       137       143
         2       100       106       142       143
         2       100       136       142       143
         2       100       136       137       143
         2       101       107       108       144
         2       101       102       108       144
         2       101       102       138       144
         2       101       107       143       144
         2       101       137       143       144
         2       101       137       138       144
         2       102       108       109       145
         2       102       103       109       145
         2       102       103       139       145
         2       102       108       144       145
         2       102       138       144       145
         2       102       138       139       145
         2       103       109       110       146
         2       103       104       110       146
         2       103       104       140       146
         2       103       109       145       146
         2       103       139       145       146
         2       103       139       140       146
         2       104       105       110       141
         2        99       104       105       141
         2        99       104       135       141
         2       104       110       141       146
         2       104       140       141       146
         2       104       135       140       141
         2       105       111       112       148
         2       105       106       112       148
         2       105       106       142       148
         2       105       111       147       148
         2       105       141       147       148
         2       105       141       142       148
         2       106       112       113       149
         2       106       107       113       149
         2       106       107       143       149
         2       106       112       148       149
         2       106       142       148       149
         2       106       142       143       149
         2       107       113       114       150
         2       107       108       114       150
         2       107       108       144       150
         2       107       113       149       150
         2       107       143       149       150
         2       107       143       144       150
         2       108       114       115       151
         2       108       109       115       151
         2       108       109       145       151
         2       108       114       150       151
         2       108       144       150       151
         2       108       144       145       151
         2       109       115       116       152
         2       109       110       116       152
         2       109       110       146       152
         2       109       115       151       152
         2       109       145       151       152
         2       109       145       146       152
         2       110       111       116       147
         2       105       110       111       147
         2       105       110       141       147
         2       110       116       147       152
         2       110       146       147       152
         2       110       141       146       147
         2       111       117       118       154
         2       111       112       118       154
         2       111       112       148       154
         2       111       117       153       154
         2       111       147       153       154
         2       111       147       148       154
         2       112       118       119       155
         2       112       113       119       155
         2       112       113       149       155
         2       112       118       154       155
         2       112       148       154       155
         2       112       148       149       155
         2       113       119       120       156
         2       113       114       120       156
         2       113       114       150       156
         2       113       119       155       156
         2       113       149       155       156
         2       113       149       150       156
         2       114       120       121       157
         2       114       115       121       157
         2       114       115       151       157
         2       114       120       156       157
         2       114       150       156       157
         2       114       150       151       157
         2       115       121       122       158
         2       115       116       122       158
         2       115       116       152       158
         2       115       121       157       158
         2       115       151       157       158
         2       115       151       152       158
         2       116       117       122       153
         2       111       116       117       153
         2       111       116       147       153
         2       116       122       153       158
         2       116       152       153       158
         2       116       147       152       153
         2       117       123       124       160
         2       117       118       124       160
         2       117       118       154       160
         2       117       123       159       160
         2       117       153       159       160
         2       117       153       154       160
         2       118       124       125       161
         2       118       119       125       161
         2       118       119       155       161
         2       118       124       160       161
         2       118       154       160       161
         2       118       154       155       161
         2       119       125       126       162
         2       119       120       126       162
         2       119       120       156       162
         2       119       125       161       162
         2       119       155       161       162
         2       119       155       156       162
         2       120       126       127       163
         2       120       121       127       163
         2       120       121       157       163
         2       120       126       162       163
         2       120       156       162       163
         2       120       156       157       163
         2       121       127       128       164
         2       121       122       128       164
         2       121       122       158       164
         2       121       127       163       164
         2       121       157       163       164
         2       121       157       158       164
         2       122       123       128       159
         2       117       122       123       159
         2       117       122       153       159
         2       122       128       159       164
         2       122       158       159       164
         2       122       153       158       159
         2        93        94       123       130
         2        94       123       124       130
         2       123       124       130       160
         2        93       123       129       130
         2       123       129       130       159
         2       123       130       159       160
         2        94        95       124       131
         2        95       124       125       131
         2       124       125       131       161
         2        94       124       130       131
         2       124       130       131       160
         2       124       131       160       161
         2        95        96       125       132
         2        96       125       126       132
         2       125       126       132       162
         2        95       125       131       132
         2       125       131       132       161
         2       125       132       161       162
         2        96        97       126       133
         2        97       126       127       133
         2       126       127       133       163
         2        96       126       132       133
         2       126       132       133       162
         2       126       133       162       163
         2        97        98       127       134
         2        98       127       128       134
         2       127       128       134       164
         2        97       127       133       134
         2       127       133       134       163
         2       127       134       163       164
         2        93        98       128       129
         2        93       123       128       129
         2       123       128       129       159
         2        98       128       129       134
         2       128       129       134       164
         2       128       129       159       164
         2       129       135       136       172
         2       129       130       136       172
         2       129       130       166       172
         2       129       135       171       172
         2       129       165       171       172
         2       129       165       166       172
         2       130       136       137       173
         2       130       131       137       173
         2       130       131       167       173
         2       130       136       172       173
         2       130       166       172       173
         2       130       166       167       173
         2       131       137       138       174
         2       131       132       138       174
         2       131       132       168       174
         2       131       137       173       174
         2       131       167       173       174
         2       131       167       168       174
         2       132       138       139       175
         2       132       133       139       175
         2       132       133       169       175
         2       132       138       174       175
         2       132       168       174       175
         2       132       168       169       175
         2       133       139       140       176
         2       133       134       140       176
         2       133       134       170       176
         2       133       139       175       176
         2       133       169       175       176
         2       133       169       170       176
         2       134       135       140       171
         2       129       134       135       171
         2       129       134       165       171
         2       134       140       171       176
         2       134       170       171       176
         2       134       165       170       171
         2       135       141       142       178
         2       135       136       142       178
         2       135       136       172       178
         2       135       141       177       178
         2       135       171       177       178
         2       135       171       172       178
         2       136       142       143       179
         2       136       137       143       179
         2       136       137       173       179
         2       136       142       178       179
         2       136       172       178       179
         2       136       172       173       179
         2       137       143       144       180
         2       137       138       144       180
         2       137       138       174       180
         2       137       143       179       180
         2       137       173       179       180
         2       137       173       174       180
         2       138       144       145       181
         2       138       139       145       181
         2       138       139       175       181
         2       138       144       180       181
         2       138       174       180       181
         2       138       174       175       181
         2       139       145       146       182
         2       139       140       146       182
         2       139       140       176       182
         2       139       145       181       182
         2       139       175       181       182
         2       139       175       176       182
         2       140       141       146       177
         2       135       140       141       177
         2       135       140       171       177
         2       140       146       177       182
         2       140       176       177       182
         2       140       171       176       177
         2       141       147       148       184
         2       141       142       148       184
         2       141       142       178       184
         2       141       147       183       184
         2       141       177       183       184
         2       141       177       178       184
         2       142       148       149       185
         2       142       143       149       185
         2       142       143       179       185
         2       142       148       184       185
         2       142       178       184       185
         2       142       178       179       185
         2       143       149       150       186
         2       143       144       150       186
         2       143       144       180       186
         2       143       149       185       186
         2       143       179       185       186
         2       143       179       180       186
         2       144       150       151       187
         2       144       145       151       187
         2       144       145       181       187
         2       144       150       186       187
         2       144       180       186       187
         2       144       180       181       187
         2       145       151       152       188
         2       145       146       152       188
         2       145       146       182       188
         2       145       151       187       188
         2       145       181       187       188
         2       145       181       182       188
         2       146       147       152       183
         2       141       146       147       183
         2       141       146       177       183
         2       146       152       183       188
         2       146       182       183       188
         2       146       177       182       183
         2       147       153       154       190
         2       147       148       154       190
         2       147       148       184       190
         2       147       153       189       190
         2       147       183       189       190
         2       147       183       184       190
         2       148       154       155       191
         2       148       149       155       191
         2       148       149       185       191
         2       148       154       190       191
         2       148       184       190       191
         2       148       184       185       191
         2       149       155       156       192
         2       149       150       156       192
         2       149       150       186       192
         2       149       155       191       192
         2       149       185       191       192
         2       149       185       186       192
         2       150       156       157       193
         2       150       151       157       193
         2       150       151       187       193
         2       150       156       192       193
         2       150       186       192       193
         2       150       186       187       193
         2       151       157       158       194
         2       151       152       158       194
         2       151       152       188       194
         2       151       157       193       194
         2       151       187       193       194
         2       151       187       188       194
         2       152       153       158       189
         2       147       152       153       189
         2       147       152       183       189
         2       152       158       189       194
         2       152       188       189       194
         2       152       183       188       189
         2       153       159       160       196
         2       153       154       160       196
         2       153       154       190       196
         2       153       159       195       196
         2       153       189       195       196
         2       153       189       190       196
         2       154       160       161       197
         2       154       155       161       197
         2       154       155       191       197
         2       154       160       196       197
         2       154       190       196       197
         2       154       190       191       197
         2       155       161       162       198
         2       155       156       162       198
         2       155       156       192       198
         2       155       161       197       198
         2       155       191       197       198
         2       155       191       192       198
         2       156       162       163       199
         2       156       157       163       199
         2       156       157       193       199
         2       156       162       198       199
         2       156       192       198       199
         2       156       192       193       199
         2       157       163       164       200
         2       157       158       164       200
         2       157       158       194       200
         2       157       163       199       200
         2       157       193       199       200
         2       157       193       194       200
         2       158       159       164       195
         2       153       158       159       195
         2       153       158       189       195
         2       158       164       195       200
         2       158       194       195       200
         2       158       189       194       195
         2       129       130       159       166
         2       130       159       160       166
         2       159       160       166       196
         2       129       159       165       166
         2       159       165       166       195
         2       159       166       195       196
         2       130       131       160       167
         2       131       160       161       167
         2       160       161       167       197
         2       130       160       166       167
         2       160       166       167       196
         2       160       167       196       197
         2       131       132       161       168
         2       132       161       162       168
         2       161       162       168       198
         2       131       161       167       168
         2       161       167       168       197
         2       161       168       197       198
         2       132       133       162       169
         2       133       162       163       169
         2       162       163       169       199
         2       132       162       168       169
         2       162       168       169       198
         2       162       169       198       199
         2       133       134       163       170
         2       134       163       164       170
         2       163       164       170       200
         2       133       163       169       170
         2       163       169       170       199
         2       163       170       199       200
         2       129       134       164       165
         2       129       159       164       165
         2       159       164       165       195
         2       134       164       165       170
         2       164       165       170       200
         2       164       165       195       200
         2       165       171       172       206
         2       165       166       172       206
         2       165       166       202       206
         2       165       171       205       206
         2       165       201       205       206
         2       165       201       202       206
         2       166       172       173       207
         2       166       167       173       207
         2       166       167       203       207
         2       166       172       206       207
         2       166       202       206       207
         2       166       202       203       207
         2       167       173       174       208
         2       167       168       174       208
         2       167       168       204       208
         2       167       173       207       208
         2       167       203       207       208
         2       167       203       204       208
         2       168       174       175       209
         2       168       169       175       209
         2       168       169       203       209
         2       168       174       208       209
         2       168       204       208       209
         2       168       203       204       209
         2       169       175       176       210
         2       169       170       176       210
         2       169       170       202       210
         2       169       175       209       210
         2       169       203       209       210
         2       169       202       203       210
         2       170       171       176       205
         2       165       170       171       205
         2       165       170       201       205
         2       170       176       205       210
         2       170       202       205       210
         2       170       201       202       205
         2       171       177       178       212
         2       171       172       178       212
         2       171       172       206       212
         2       171       177       211       212
         2       171       205       211       212
         2       171       205       206       212
         2       172       178       179       213
         2       172       173       179       213
         2       172       173       207       213
         2       172       178       212       213
         2       172       206       212       213
         2       172       206       207       213
         2       173       179       180       214
         2       173       174       180       214
         2       173       174       208       214
         2       173       179       213       214
         2       173       207       213       214
         2       173       207       208       214
         2       174       180       181       215
         2       174       175       181       215
         2       174       175       209       215
         2       174       180       214       215
         2       174       208       214       215
         2       174       208       209       215
         2       175       181       182       216
         2       175       176       182       216
         2       175       176       210       216
         2       175       181       215       216
         2       175       209       215       216
         2       175       209       210       216
         2       176       177       182       211
         2       171       176       177       211
         2       171       176       205       211
         2       176       182       211       216
         2       176       210       211       216
         2       176       205       210       211
         2       177       183       184       218
         2       177       178       184       218
         2       177       178       212       218
         2       177       183       217       218
         2       177       211       217       218
         2       177       211       212       218
         2       178       184       185       219
         2       178       179       185       219
         2       178       179       213       219
         2       178       184       218       219
         2       178       212       218       219
         2       178       212       213       219
         2       179       185       186       220
         2       179       180       186       220
         2       179       180       214       220
         2       179       185       219       220
         2       179       213       219       220
         2       179       213       214       220
         2       180       186       187       219
         2       180       181       187       219
         2       180       181       215       219
         2       180       186       219       220
         2       180       214       219       220
         2       180       214       215       219
         2       181       187       188       218
         2       181       182       188       218
         2       181       182       216       218
         2       181       187       218       219
         2       181       215       218       219
         2       181       215       216       218
         2       182       183       188       217
         2       177       182       183       217
         2       177       182       211       217
         2       182       188       217       218
         2       182       216       217       218
         2       182       211       216       217
         2       183       189       190       216
         2       183       184       190       216
         2       183       184       216       218
         2       183       189       211       216
         2       183       211       216       217
         2       183       216       217       218
         2       184       190       191       215
         2       184       185       191       215
         2       184       185       215       219
         2       184       190       215       216
         2       184       215       216       218
         2       184       215       218       219
         2       185       191       192       214
         2       185       186       192       214
         2       185       186       214       220
         2       185       191       214       215
         2       185       214       215       219
         2       185       214       219       220
         2       186       192       193       213
         2       186       187       193       213
         2       186       187       213       219
         2       186       192       213       214
         2       186       213       214       220
         2       186       213       219       220
         2       187       193       194       212
         2       187       188       194       212
         2       187       188       212       218
         2       187       193       212       213
         2       187       212       213       219
         2       187       212       218       219
         2       188       189       194       211
         2       183       188       189       211
         2       183       188       211       217
         2       188       194       211       212
         2       188       211       212       218
         2       188       211       217       218
         2       189       195       196       210
         2       189       190       196       210
         2       189       190       210       216
         2       189       195       205       210
         2       189       205       210       211
         2       189       210       211       216
         2       190       196       197       209
         2       190       191       197       209
         2       190       191       209       215
         2       190       196       209       210
         2       190       209       210       216
         2       190       209       215       216
         2       191       197       198       208
         2       191       192       198       208
         2       191       192       208       214
         2       191       197       208       209
         2       191       208       209       215
         2       191       208       214       215
         2       192       198       199       207
         2       192       193       199       207
         2       192       193       207       213
         2       192       198       207       208
         2       192       207       208       214
         2       192       207       213       214
         2       193       199       200       206
         2       193       194       200       206
         2       193       194       206       212
         2       193       199       206       207
         2       193       206       207       213
         2       193       206       212       213
         2       194       195       200       205
         2       189       194       195       205
         2       189       194       205       211
         2       194       200       205       206
         2       194       205       206       212
         2       194       205       211       212
         2       165       166       195       202
         2       166       195       196       202
         2       195       196       202       210
         2       165       195       201       202
         2       195       201       202       205
         2       195       202       205       210
         2       166       167       196       203
         2       167       196       197       203
         2       196       197       203       209
         2       166       196       202       203
         2       196       202       203       210
         2       196       203       209       210
         2       167       168       197       204
         2       168       197       198       204
         2       197       198       204       208
         2       167       197       203       204
         2       197       203       204       209
         2       197       204       208       209
         2       168       169       198       203
         2       169       198       199       203
         2       198       199       203       207
         2       168       198       203       204
         2       198       203       204       208
         2       198       203       207       208
         2       169       170       199       202
         2       170       199       200       202
         2       199       200       202       206
         2       169       199       202       203
         2       199       202       203       207
         2       199       202       206       207
         2       165       170       200       201
         2       165       195       200       201
         2       195       200       201       205
         2       170       200       201       202
         2       200       201       202       206
         2       200       201       205       206
