   Atom                     Volume(s)
  ------------------------------------------------------------------------
     1   ...      42   45   51   64   66   80   90   98   99
     2   ...      29  111  122  127  130  145  156  159  160
     3   ...      19  123  137  138  142  152  154  157  162
     4   ...     102  104  105  107  108  110  128  135  139  149  150  151  153  161
     5   ...      18   27   47   52   69   70   73   74   78   85
     6   ...       1   53   55   57   58   62   67   72   75   76   77   87
     7   ...      12   44   93  101  103  109  112  114  119  125  131  134  136  144  148  155
     8   ...       6    7    8    9   10   11   17   21   40   43  146
     9   ...      28   32   34   36   37   38   39   41   50   54  147  158
    10   ...      46   59   68   89   91   94   95   96   97  100
    11   ...       2    3    4    5   15   16   60  132
    12   ...      13   14   20   22   23   24   25   26   31   56   63  133  140  141
    13   ...      30   33   79   88  106  113  117  118  124  126  129  143
    14   ...      35   48   49   65   81   82   83   84   86  115  116
    15   ...      61   71   92  120  121
  ------------------------------------------------------------------------
