Automatically generated mesh
     166
Reciprocal lattice
    0.00000000000000    0.00000000000000    0.00000000000000             1
    0.16666666666667    0.00000000000000   -0.00000000000000             2
    0.33333333333333   -0.00000000000000    0.00000000000000             2
    0.50000000000000    0.00000000000000    0.00000000000000             1
    0.00000000000000    0.20000000000000    0.00000000000000             2
    0.16666666666667    0.20000000000000    0.00000000000000             2
    0.33333333333333    0.20000000000000    0.00000000000000             2
    0.50000000000000    0.20000000000000    0.00000000000000             2
   -0.33333333333333    0.20000000000000   -0.00000000000000             2
   -0.16666666666667    0.20000000000000    0.00000000000000             2
    0.00000000000000    0.40000000000000    0.00000000000000             2
    0.16666666666667    0.40000000000000    0.00000000000000             2
    0.33333333333333    0.40000000000000    0.00000000000000             2
    0.50000000000000    0.40000000000000    0.00000000000000             2
   -0.33333333333333    0.40000000000000   -0.00000000000000             2
   -0.16666666666667    0.40000000000000    0.00000000000000             2
    0.00000000000000    0.00000000000000    0.09090909090909             2
    0.16666666666667    0.00000000000000    0.09090909090909             2
    0.33333333333333   -0.00000000000000    0.09090909090909             2
    0.50000000000000    0.00000000000000    0.09090909090909             2
   -0.33333333333333    0.00000000000000    0.09090909090909             2
   -0.16666666666667    0.00000000000000    0.09090909090909             2
    0.00000000000000    0.20000000000000    0.09090909090909             2
    0.16666666666667    0.20000000000000    0.09090909090909             2
    0.33333333333333    0.20000000000000    0.09090909090909             2
    0.50000000000000    0.20000000000000    0.09090909090909             2
   -0.33333333333333    0.20000000000000    0.09090909090909             2
   -0.16666666666667    0.20000000000000    0.09090909090909             2
    0.00000000000000    0.40000000000000    0.09090909090909             2
    0.16666666666667    0.40000000000000    0.09090909090909             2
    0.33333333333333    0.40000000000000    0.09090909090909             2
    0.50000000000000    0.40000000000000    0.09090909090909             2
   -0.33333333333333    0.40000000000000    0.09090909090909             2
   -0.16666666666667    0.40000000000000    0.09090909090909             2
    0.00000000000000   -0.40000000000000    0.09090909090909             2
    0.16666666666667   -0.40000000000000    0.09090909090909             2
    0.33333333333333   -0.40000000000000    0.09090909090909             2
    0.50000000000000   -0.40000000000000    0.09090909090909             2
   -0.33333333333333   -0.40000000000000    0.09090909090909             2
   -0.16666666666667   -0.40000000000000    0.09090909090909             2
    0.00000000000000   -0.20000000000000    0.09090909090909             2
    0.16666666666667   -0.20000000000000    0.09090909090909             2
    0.33333333333333   -0.20000000000000    0.09090909090909             2
    0.50000000000000   -0.20000000000000    0.09090909090909             2
   -0.33333333333333   -0.20000000000000    0.09090909090909             2
   -0.16666666666667   -0.20000000000000    0.09090909090909             2
    0.00000000000000    0.00000000000000    0.18181818181818             2
    0.16666666666667    0.00000000000000    0.18181818181818             2
    0.33333333333333   -0.00000000000000    0.18181818181818             2
    0.50000000000000    0.00000000000000    0.18181818181818             2
   -0.33333333333333    0.00000000000000    0.18181818181818             2
   -0.16666666666667    0.00000000000000    0.18181818181818             2
    0.00000000000000    0.20000000000000    0.18181818181818             2
    0.16666666666667    0.20000000000000    0.18181818181818             2
    0.33333333333333    0.20000000000000    0.18181818181818             2
    0.50000000000000    0.20000000000000    0.18181818181818             2
   -0.33333333333333    0.20000000000000    0.18181818181818             2
   -0.16666666666667    0.20000000000000    0.18181818181818             2
    0.00000000000000    0.40000000000000    0.18181818181818             2
    0.16666666666667    0.40000000000000    0.18181818181818             2
    0.33333333333333    0.40000000000000    0.18181818181818             2
    0.50000000000000    0.40000000000000    0.18181818181818             2
   -0.33333333333333    0.40000000000000    0.18181818181818             2
   -0.16666666666667    0.40000000000000    0.18181818181818             2
    0.00000000000000   -0.40000000000000    0.18181818181818             2
    0.16666666666667   -0.40000000000000    0.18181818181818             2
    0.33333333333333   -0.40000000000000    0.18181818181818             2
    0.50000000000000   -0.40000000000000    0.18181818181818             2
   -0.33333333333333   -0.40000000000000    0.18181818181818             2
   -0.16666666666667   -0.40000000000000    0.18181818181818             2
    0.00000000000000   -0.20000000000000    0.18181818181818             2
    0.16666666666667   -0.20000000000000    0.18181818181818             2
    0.33333333333333   -0.20000000000000    0.18181818181818             2
    0.50000000000000   -0.20000000000000    0.18181818181818             2
   -0.33333333333333   -0.20000000000000    0.18181818181818             2
   -0.16666666666667   -0.20000000000000    0.18181818181818             2
    0.00000000000000    0.00000000000000    0.27272727272727             2
    0.16666666666667    0.00000000000000    0.27272727272727             2
    0.33333333333333   -0.00000000000000    0.27272727272727             2
    0.50000000000000    0.00000000000000    0.27272727272727             2
   -0.33333333333333    0.00000000000000    0.27272727272727             2
   -0.16666666666667    0.00000000000000    0.27272727272727             2
    0.00000000000000    0.20000000000000    0.27272727272727             2
    0.16666666666667    0.20000000000000    0.27272727272727             2
    0.33333333333333    0.20000000000000    0.27272727272727             2
    0.50000000000000    0.20000000000000    0.27272727272727             2
   -0.33333333333333    0.20000000000000    0.27272727272727             2
   -0.16666666666667    0.20000000000000    0.27272727272727             2
    0.00000000000000    0.40000000000000    0.27272727272727             2
    0.16666666666667    0.40000000000000    0.27272727272727             2
    0.33333333333333    0.40000000000000    0.27272727272727             2
    0.50000000000000    0.40000000000000    0.27272727272727             2
   -0.33333333333333    0.40000000000000    0.27272727272727             2
   -0.16666666666667    0.40000000000000    0.27272727272727             2
    0.00000000000000   -0.40000000000000    0.27272727272727             2
    0.16666666666667   -0.40000000000000    0.27272727272727             2
    0.33333333333333   -0.40000000000000    0.27272727272727             2
    0.50000000000000   -0.40000000000000    0.27272727272727             2
   -0.33333333333333   -0.40000000000000    0.27272727272727             2
   -0.16666666666667   -0.40000000000000    0.27272727272727             2
    0.00000000000000   -0.20000000000000    0.27272727272727             2
    0.16666666666667   -0.20000000000000    0.27272727272727             2
    0.33333333333333   -0.20000000000000    0.27272727272727             2
    0.50000000000000   -0.20000000000000    0.27272727272727             2
   -0.33333333333333   -0.20000000000000    0.27272727272727             2
   -0.16666666666667   -0.20000000000000    0.27272727272727             2
    0.00000000000000    0.00000000000000    0.36363636363636             2
    0.16666666666667    0.00000000000000    0.36363636363636             2
    0.33333333333333   -0.00000000000000    0.36363636363636             2
    0.50000000000000    0.00000000000000    0.36363636363636             2
   -0.33333333333333    0.00000000000000    0.36363636363636             2
   -0.16666666666667    0.00000000000000    0.36363636363636             2
    0.00000000000000    0.20000000000000    0.36363636363636             2
    0.16666666666667    0.20000000000000    0.36363636363636             2
    0.33333333333333    0.20000000000000    0.36363636363636             2
    0.50000000000000    0.20000000000000    0.36363636363636             2
   -0.33333333333333    0.20000000000000    0.36363636363636             2
   -0.16666666666667    0.20000000000000    0.36363636363636             2
    0.00000000000000    0.40000000000000    0.36363636363636             2
    0.16666666666667    0.40000000000000    0.36363636363636             2
    0.33333333333333    0.40000000000000    0.36363636363636             2
    0.50000000000000    0.40000000000000    0.36363636363636             2
   -0.33333333333333    0.40000000000000    0.36363636363636             2
   -0.16666666666667    0.40000000000000    0.36363636363636             2
    0.00000000000000   -0.40000000000000    0.36363636363636             2
    0.16666666666667   -0.40000000000000    0.36363636363636             2
    0.33333333333333   -0.40000000000000    0.36363636363636             2
    0.50000000000000   -0.40000000000000    0.36363636363636             2
   -0.33333333333333   -0.40000000000000    0.36363636363636             2
   -0.16666666666667   -0.40000000000000    0.36363636363636             2
    0.00000000000000   -0.20000000000000    0.36363636363636             2
    0.16666666666667   -0.20000000000000    0.36363636363636             2
    0.33333333333333   -0.20000000000000    0.36363636363636             2
    0.50000000000000   -0.20000000000000    0.36363636363636             2
   -0.33333333333333   -0.20000000000000    0.36363636363636             2
   -0.16666666666667   -0.20000000000000    0.36363636363636             2
    0.00000000000000    0.00000000000000    0.45454545454545             2
    0.16666666666667    0.00000000000000    0.45454545454545             2
    0.33333333333333   -0.00000000000000    0.45454545454546             2
    0.50000000000000    0.00000000000000    0.45454545454546             2
   -0.33333333333333    0.00000000000000    0.45454545454546             2
   -0.16666666666667    0.00000000000000    0.45454545454546             2
    0.00000000000000    0.20000000000000    0.45454545454545             2
    0.16666666666667    0.20000000000000    0.45454545454545             2
    0.33333333333333    0.20000000000000    0.45454545454546             2
    0.50000000000000    0.20000000000000    0.45454545454545             2
   -0.33333333333333    0.20000000000000    0.45454545454546             2
   -0.16666666666667    0.20000000000000    0.45454545454546             2
    0.00000000000000    0.40000000000000    0.45454545454545             2
    0.16666666666667    0.40000000000000    0.45454545454545             2
    0.33333333333333    0.40000000000000    0.45454545454546             2
    0.50000000000000    0.40000000000000    0.45454545454546             2
   -0.33333333333333    0.40000000000000    0.45454545454546             2
   -0.16666666666667    0.40000000000000    0.45454545454546             2
    0.00000000000000   -0.40000000000000    0.45454545454546             2
    0.16666666666667   -0.40000000000000    0.45454545454545             2
    0.33333333333333   -0.40000000000000    0.45454545454546             2
    0.50000000000000   -0.40000000000000    0.45454545454546             2
   -0.33333333333333   -0.40000000000000    0.45454545454545             2
   -0.16666666666667   -0.40000000000000    0.45454545454546             2
    0.00000000000000   -0.20000000000000    0.45454545454545             2
    0.16666666666667   -0.20000000000000    0.45454545454545             2
    0.33333333333333   -0.20000000000000    0.45454545454546             2
    0.50000000000000   -0.20000000000000    0.45454545454546             2
   -0.33333333333333   -0.20000000000000    0.45454545454545             2
   -0.16666666666667   -0.20000000000000    0.45454545454546             2
Tetrahedra
       988    0.00050505050505
         2         1         5         6        24
         2         1         2         6        24
         2         1         2        18        24
         2         1         5        23        24
         2         1        17        23        24
         2         1        17        18        24
         2         2         6         7        25
         2         2         3         7        25
         2         2         3        19        25
         2         2         6        24        25
         2         2        18        24        25
         2         2        18        19        25
         2         3         7         8        26
         2         3         4         8        26
         2         3         4        20        26
         2         3         7        25        26
         2         3        19        25        26
         2         3        19        20        26
         2         4         8         9        27
         2         3         4         9        27
         2         3         4        21        27
         2         4         8        26        27
         2         4        20        26        27
         2         4        20        21        27
         2         3         9        10        28
         2         2         3        10        28
         2         2         3        22        28
         2         3         9        27        28
         2         3        21        27        28
         2         3        21        22        28
         2         2         5        10        23
         2         1         2         5        23
         2         1         2        17        23
         2         2        10        23        28
         2         2        22        23        28
         2         2        17        22        23
         2         5        11        12        30
         2         5         6        12        30
         2         5         6        24        30
         2         5        11        29        30
         2         5        23        29        30
         2         5        23        24        30
         2         6        12        13        31
         2         6         7        13        31
         2         6         7        25        31
         2         6        12        30        31
         2         6        24        30        31
         2         6        24        25        31
         2         7        13        14        32
         2         7         8        14        32
         2         7         8        26        32
         2         7        13        31        32
         2         7        25        31        32
         2         7        25        26        32
         2         8        14        15        33
         2         8         9        15        33
         2         8         9        27        33
         2         8        14        32        33
         2         8        26        32        33
         2         8        26        27        33
         2         9        15        16        34
         2         9        10        16        34
         2         9        10        28        34
         2         9        15        33        34
         2         9        27        33        34
         2         9        27        28        34
         2        10        11        16        29
         2         5        10        11        29
         2         5        10        23        29
         2        10        16        29        34
         2        10        28        29        34
         2        10        23        28        29
         2        11        11        16        36
         2        11        12        16        36
         2        11        12        30        36
         2        11        11        35        36
         2        11        29        35        36
         2        11        29        30        36
         2        12        15        16        37
         2        12        13        15        37
         2        12        13        31        37
         2        12        16        36        37
         2        12        30        36        37
         2        12        30        31        37
         2        13        14        15        38
         2        13        14        14        38
         2        13        14        32        38
         2        13        15        37        38
         2        13        31        37        38
         2        13        31        32        38
         2        13        14        14        39
         2        13        14        15        39
         2        14        15        33        39
         2        14        14        38        39
         2        14        32        38        39
         2        14        32        33        39
         2        12        13        15        40
         2        12        15        16        40
         2        15        16        34        40
         2        13        15        39        40
         2        15        33        39        40
         2        15        33        34        40
         2        11        12        16        35
         2        11        11        16        35
         2        11        16        29        35
         2        12        16        35        40
         2        16        34        35        40
         2        16        29        34        35
         2         5        10        11        42
         2        10        11        16        42
         2        11        16        36        42
         2         5        11        41        42
         2        11        35        41        42
         2        11        35        36        42
         2         9        10        16        43
         2         9        15        16        43
         2        15        16        37        43
         2        10        16        42        43
         2        16        36        42        43
         2        16        36        37        43
         2         8         9        15        44
         2         8        14        15        44
         2        14        15        38        44
         2         9        15        43        44
         2        15        37        43        44
         2        15        37        38        44
         2         7         8        14        45
         2         7        13        14        45
         2        13        14        39        45
         2         8        14        44        45
         2        14        38        44        45
         2        14        38        39        45
         2         6         7        13        46
         2         6        12        13        46
         2        12        13        40        46
         2         7        13        45        46
         2        13        39        45        46
         2        13        39        40        46
         2         5         6        12        41
         2         5        11        12        41
         2        11        12        35        41
         2         6        12        41        46
         2        12        40        41        46
         2        12        35        40        41
         2         1         2         5        18
         2         2         5        10        18
         2         5        10        18        42
         2         1         5        17        18
         2         5        17        18        41
         2         5        18        41        42
         2         2         3        10        19
         2         3         9        10        19
         2         9        10        19        43
         2         2        10        18        19
         2        10        18        19        42
         2        10        19        42        43
         2         3         4         9        20
         2         4         8         9        20
         2         8         9        20        44
         2         3         9        19        20
         2         9        19        20        43
         2         9        20        43        44
         2         3         4         8        21
         2         3         7         8        21
         2         7         8        21        45
         2         4         8        20        21
         2         8        20        21        44
         2         8        21        44        45
         2         2         3         7        22
         2         2         6         7        22
         2         6         7        22        46
         2         3         7        21        22
         2         7        21        22        45
         2         7        22        45        46
         2         1         2         6        17
         2         1         5         6        17
         2         5         6        17        41
         2         2         6        17        22
         2         6        17        22        46
         2         6        17        41        46
         2        17        23        24        54
         2        17        18        24        54
         2        17        18        48        54
         2        17        23        53        54
         2        17        47        53        54
         2        17        47        48        54
         2        18        24        25        55
         2        18        19        25        55
         2        18        19        49        55
         2        18        24        54        55
         2        18        48        54        55
         2        18        48        49        55
         2        19        25        26        56
         2        19        20        26        56
         2        19        20        50        56
         2        19        25        55        56
         2        19        49        55        56
         2        19        49        50        56
         2        20        26        27        57
         2        20        21        27        57
         2        20        21        51        57
         2        20        26        56        57
         2        20        50        56        57
         2        20        50        51        57
         2        21        27        28        58
         2        21        22        28        58
         2        21        22        52        58
         2        21        27        57        58
         2        21        51        57        58
         2        21        51        52        58
         2        22        23        28        53
         2        17        22        23        53
         2        17        22        47        53
         2        22        28        53        58
         2        22        52        53        58
         2        22        47        52        53
         2        23        29        30        60
         2        23        24        30        60
         2        23        24        54        60
         2        23        29        59        60
         2        23        53        59        60
         2        23        53        54        60
         2        24        30        31        61
         2        24        25        31        61
         2        24        25        55        61
         2        24        30        60        61
         2        24        54        60        61
         2        24        54        55        61
         2        25        31        32        62
         2        25        26        32        62
         2        25        26        56        62
         2        25        31        61        62
         2        25        55        61        62
         2        25        55        56        62
         2        26        32        33        63
         2        26        27        33        63
         2        26        27        57        63
         2        26        32        62        63
         2        26        56        62        63
         2        26        56        57        63
         2        27        33        34        64
         2        27        28        34        64
         2        27        28        58        64
         2        27        33        63        64
         2        27        57        63        64
         2        27        57        58        64
         2        28        29        34        59
         2        23        28        29        59
         2        23        28        53        59
         2        28        34        59        64
         2        28        58        59        64
         2        28        53        58        59
         2        29        35        36        66
         2        29        30        36        66
         2        29        30        60        66
         2        29        35        65        66
         2        29        59        65        66
         2        29        59        60        66
         2        30        36        37        67
         2        30        31        37        67
         2        30        31        61        67
         2        30        36        66        67
         2        30        60        66        67
         2        30        60        61        67
         2        31        37        38        68
         2        31        32        38        68
         2        31        32        62        68
         2        31        37        67        68
         2        31        61        67        68
         2        31        61        62        68
         2        32        38        39        69
         2        32        33        39        69
         2        32        33        63        69
         2        32        38        68        69
         2        32        62        68        69
         2        32        62        63        69
         2        33        39        40        70
         2        33        34        40        70
         2        33        34        64        70
         2        33        39        69        70
         2        33        63        69        70
         2        33        63        64        70
         2        34        35        40        65
         2        29        34        35        65
         2        29        34        59        65
         2        34        40        65        70
         2        34        64        65        70
         2        34        59        64        65
         2        35        41        42        72
         2        35        36        42        72
         2        35        36        66        72
         2        35        41        71        72
         2        35        65        71        72
         2        35        65        66        72
         2        36        42        43        73
         2        36        37        43        73
         2        36        37        67        73
         2        36        42        72        73
         2        36        66        72        73
         2        36        66        67        73
         2        37        43        44        74
         2        37        38        44        74
         2        37        38        68        74
         2        37        43        73        74
         2        37        67        73        74
         2        37        67        68        74
         2        38        44        45        75
         2        38        39        45        75
         2        38        39        69        75
         2        38        44        74        75
         2        38        68        74        75
         2        38        68        69        75
         2        39        45        46        76
         2        39        40        46        76
         2        39        40        70        76
         2        39        45        75        76
         2        39        69        75        76
         2        39        69        70        76
         2        40        41        46        71
         2        35        40        41        71
         2        35        40        65        71
         2        40        46        71        76
         2        40        70        71        76
         2        40        65        70        71
         2        17        18        41        48
         2        18        41        42        48
         2        41        42        48        72
         2        17        41        47        48
         2        41        47        48        71
         2        41        48        71        72
         2        18        19        42        49
         2        19        42        43        49
         2        42        43        49        73
         2        18        42        48        49
         2        42        48        49        72
         2        42        49        72        73
         2        19        20        43        50
         2        20        43        44        50
         2        43        44        50        74
         2        19        43        49        50
         2        43        49        50        73
         2        43        50        73        74
         2        20        21        44        51
         2        21        44        45        51
         2        44        45        51        75
         2        20        44        50        51
         2        44        50        51        74
         2        44        51        74        75
         2        21        22        45        52
         2        22        45        46        52
         2        45        46        52        76
         2        21        45        51        52
         2        45        51        52        75
         2        45        52        75        76
         2        17        22        46        47
         2        17        41        46        47
         2        41        46        47        71
         2        22        46        47        52
         2        46        47        52        76
         2        46        47        71        76
         2        47        53        54        84
         2        47        48        54        84
         2        47        48        78        84
         2        47        53        83        84
         2        47        77        83        84
         2        47        77        78        84
         2        48        54        55        85
         2        48        49        55        85
         2        48        49        79        85
         2        48        54        84        85
         2        48        78        84        85
         2        48        78        79        85
         2        49        55        56        86
         2        49        50        56        86
         2        49        50        80        86
         2        49        55        85        86
         2        49        79        85        86
         2        49        79        80        86
         2        50        56        57        87
         2        50        51        57        87
         2        50        51        81        87
         2        50        56        86        87
         2        50        80        86        87
         2        50        80        81        87
         2        51        57        58        88
         2        51        52        58        88
         2        51        52        82        88
         2        51        57        87        88
         2        51        81        87        88
         2        51        81        82        88
         2        52        53        58        83
         2        47        52        53        83
         2        47        52        77        83
         2        52        58        83        88
         2        52        82        83        88
         2        52        77        82        83
         2        53        59        60        90
         2        53        54        60        90
         2        53        54        84        90
         2        53        59        89        90
         2        53        83        89        90
         2        53        83        84        90
         2        54        60        61        91
         2        54        55        61        91
         2        54        55        85        91
         2        54        60        90        91
         2        54        84        90        91
         2        54        84        85        91
         2        55        61        62        92
         2        55        56        62        92
         2        55        56        86        92
         2        55        61        91        92
         2        55        85        91        92
         2        55        85        86        92
         2        56        62        63        93
         2        56        57        63        93
         2        56        57        87        93
         2        56        62        92        93
         2        56        86        92        93
         2        56        86        87        93
         2        57        63        64        94
         2        57        58        64        94
         2        57        58        88        94
         2        57        63        93        94
         2        57        87        93        94
         2        57        87        88        94
         2        58        59        64        89
         2        53        58        59        89
         2        53        58        83        89
         2        58        64        89        94
         2        58        88        89        94
         2        58        83        88        89
         2        59        65        66        96
         2        59        60        66        96
         2        59        60        90        96
         2        59        65        95        96
         2        59        89        95        96
         2        59        89        90        96
         2        60        66        67        97
         2        60        61        67        97
         2        60        61        91        97
         2        60        66        96        97
         2        60        90        96        97
         2        60        90        91        97
         2        61        67        68        98
         2        61        62        68        98
         2        61        62        92        98
         2        61        67        97        98
         2        61        91        97        98
         2        61        91        92        98
         2        62        68        69        99
         2        62        63        69        99
         2        62        63        93        99
         2        62        68        98        99
         2        62        92        98        99
         2        62        92        93        99
         2        63        69        70       100
         2        63        64        70       100
         2        63        64        94       100
         2        63        69        99       100
         2        63        93        99       100
         2        63        93        94       100
         2        64        65        70        95
         2        59        64        65        95
         2        59        64        89        95
         2        64        70        95       100
         2        64        94        95       100
         2        64        89        94        95
         2        65        71        72       102
         2        65        66        72       102
         2        65        66        96       102
         2        65        71       101       102
         2        65        95       101       102
         2        65        95        96       102
         2        66        72        73       103
         2        66        67        73       103
         2        66        67        97       103
         2        66        72       102       103
         2        66        96       102       103
         2        66        96        97       103
         2        67        73        74       104
         2        67        68        74       104
         2        67        68        98       104
         2        67        73       103       104
         2        67        97       103       104
         2        67        97        98       104
         2        68        74        75       105
         2        68        69        75       105
         2        68        69        99       105
         2        68        74       104       105
         2        68        98       104       105
         2        68        98        99       105
         2        69        75        76       106
         2        69        70        76       106
         2        69        70       100       106
         2        69        75       105       106
         2        69        99       105       106
         2        69        99       100       106
         2        70        71        76       101
         2        65        70        71       101
         2        65        70        95       101
         2        70        76       101       106
         2        70       100       101       106
         2        70        95       100       101
         2        47        48        71        78
         2        48        71        72        78
         2        71        72        78       102
         2        47        71        77        78
         2        71        77        78       101
         2        71        78       101       102
         2        48        49        72        79
         2        49        72        73        79
         2        72        73        79       103
         2        48        72        78        79
         2        72        78        79       102
         2        72        79       102       103
         2        49        50        73        80
         2        50        73        74        80
         2        73        74        80       104
         2        49        73        79        80
         2        73        79        80       103
         2        73        80       103       104
         2        50        51        74        81
         2        51        74        75        81
         2        74        75        81       105
         2        50        74        80        81
         2        74        80        81       104
         2        74        81       104       105
         2        51        52        75        82
         2        52        75        76        82
         2        75        76        82       106
         2        51        75        81        82
         2        75        81        82       105
         2        75        82       105       106
         2        47        52        76        77
         2        47        71        76        77
         2        71        76        77       101
         2        52        76        77        82
         2        76        77        82       106
         2        76        77       101       106
         2        77        83        84       114
         2        77        78        84       114
         2        77        78       108       114
         2        77        83       113       114
         2        77       107       113       114
         2        77       107       108       114
         2        78        84        85       115
         2        78        79        85       115
         2        78        79       109       115
         2        78        84       114       115
         2        78       108       114       115
         2        78       108       109       115
         2        79        85        86       116
         2        79        80        86       116
         2        79        80       110       116
         2        79        85       115       116
         2        79       109       115       116
         2        79       109       110       116
         2        80        86        87       117
         2        80        81        87       117
         2        80        81       111       117
         2        80        86       116       117
         2        80       110       116       117
         2        80       110       111       117
         2        81        87        88       118
         2        81        82        88       118
         2        81        82       112       118
         2        81        87       117       118
         2        81       111       117       118
         2        81       111       112       118
         2        82        83        88       113
         2        77        82        83       113
         2        77        82       107       113
         2        82        88       113       118
         2        82       112       113       118
         2        82       107       112       113
         2        83        89        90       120
         2        83        84        90       120
         2        83        84       114       120
         2        83        89       119       120
         2        83       113       119       120
         2        83       113       114       120
         2        84        90        91       121
         2        84        85        91       121
         2        84        85       115       121
         2        84        90       120       121
         2        84       114       120       121
         2        84       114       115       121
         2        85        91        92       122
         2        85        86        92       122
         2        85        86       116       122
         2        85        91       121       122
         2        85       115       121       122
         2        85       115       116       122
         2        86        92        93       123
         2        86        87        93       123
         2        86        87       117       123
         2        86        92       122       123
         2        86       116       122       123
         2        86       116       117       123
         2        87        93        94       124
         2        87        88        94       124
         2        87        88       118       124
         2        87        93       123       124
         2        87       117       123       124
         2        87       117       118       124
         2        88        89        94       119
         2        83        88        89       119
         2        83        88       113       119
         2        88        94       119       124
         2        88       118       119       124
         2        88       113       118       119
         2        89        95        96       126
         2        89        90        96       126
         2        89        90       120       126
         2        89        95       125       126
         2        89       119       125       126
         2        89       119       120       126
         2        90        96        97       127
         2        90        91        97       127
         2        90        91       121       127
         2        90        96       126       127
         2        90       120       126       127
         2        90       120       121       127
         2        91        97        98       128
         2        91        92        98       128
         2        91        92       122       128
         2        91        97       127       128
         2        91       121       127       128
         2        91       121       122       128
         2        92        98        99       129
         2        92        93        99       129
         2        92        93       123       129
         2        92        98       128       129
         2        92       122       128       129
         2        92       122       123       129
         2        93        99       100       130
         2        93        94       100       130
         2        93        94       124       130
         2        93        99       129       130
         2        93       123       129       130
         2        93       123       124       130
         2        94        95       100       125
         2        89        94        95       125
         2        89        94       119       125
         2        94       100       125       130
         2        94       124       125       130
         2        94       119       124       125
         2        95       101       102       132
         2        95        96       102       132
         2        95        96       126       132
         2        95       101       131       132
         2        95       125       131       132
         2        95       125       126       132
         2        96       102       103       133
         2        96        97       103       133
         2        96        97       127       133
         2        96       102       132       133
         2        96       126       132       133
         2        96       126       127       133
         2        97       103       104       134
         2        97        98       104       134
         2        97        98       128       134
         2        97       103       133       134
         2        97       127       133       134
         2        97       127       128       134
         2        98       104       105       135
         2        98        99       105       135
         2        98        99       129       135
         2        98       104       134       135
         2        98       128       134       135
         2        98       128       129       135
         2        99       105       106       136
         2        99       100       106       136
         2        99       100       130       136
         2        99       105       135       136
         2        99       129       135       136
         2        99       129       130       136
         2       100       101       106       131
         2        95       100       101       131
         2        95       100       125       131
         2       100       106       131       136
         2       100       130       131       136
         2       100       125       130       131
         2        77        78       101       108
         2        78       101       102       108
         2       101       102       108       132
         2        77       101       107       108
         2       101       107       108       131
         2       101       108       131       132
         2        78        79       102       109
         2        79       102       103       109
         2       102       103       109       133
         2        78       102       108       109
         2       102       108       109       132
         2       102       109       132       133
         2        79        80       103       110
         2        80       103       104       110
         2       103       104       110       134
         2        79       103       109       110
         2       103       109       110       133
         2       103       110       133       134
         2        80        81       104       111
         2        81       104       105       111
         2       104       105       111       135
         2        80       104       110       111
         2       104       110       111       134
         2       104       111       134       135
         2        81        82       105       112
         2        82       105       106       112
         2       105       106       112       136
         2        81       105       111       112
         2       105       111       112       135
         2       105       112       135       136
         2        77        82       106       107
         2        77       101       106       107
         2       101       106       107       131
         2        82       106       107       112
         2       106       107       112       136
         2       106       107       131       136
         2       107       113       114       144
         2       107       108       114       144
         2       107       108       138       144
         2       107       113       143       144
         2       107       137       143       144
         2       107       137       138       144
         2       108       114       115       145
         2       108       109       115       145
         2       108       109       139       145
         2       108       114       144       145
         2       108       138       144       145
         2       108       138       139       145
         2       109       115       116       146
         2       109       110       116       146
         2       109       110       140       146
         2       109       115       145       146
         2       109       139       145       146
         2       109       139       140       146
         2       110       116       117       147
         2       110       111       117       147
         2       110       111       141       147
         2       110       116       146       147
         2       110       140       146       147
         2       110       140       141       147
         2       111       117       118       148
         2       111       112       118       148
         2       111       112       142       148
         2       111       117       147       148
         2       111       141       147       148
         2       111       141       142       148
         2       112       113       118       143
         2       107       112       113       143
         2       107       112       137       143
         2       112       118       143       148
         2       112       142       143       148
         2       112       137       142       143
         2       113       119       120       150
         2       113       114       120       150
         2       113       114       144       150
         2       113       119       149       150
         2       113       143       149       150
         2       113       143       144       150
         2       114       120       121       151
         2       114       115       121       151
         2       114       115       145       151
         2       114       120       150       151
         2       114       144       150       151
         2       114       144       145       151
         2       115       121       122       152
         2       115       116       122       152
         2       115       116       146       152
         2       115       121       151       152
         2       115       145       151       152
         2       115       145       146       152
         2       116       122       123       153
         2       116       117       123       153
         2       116       117       147       153
         2       116       122       152       153
         2       116       146       152       153
         2       116       146       147       153
         2       117       123       124       154
         2       117       118       124       154
         2       117       118       148       154
         2       117       123       153       154
         2       117       147       153       154
         2       117       147       148       154
         2       118       119       124       149
         2       113       118       119       149
         2       113       118       143       149
         2       118       124       149       154
         2       118       148       149       154
         2       118       143       148       149
         2       119       125       126       156
         2       119       120       126       156
         2       119       120       150       156
         2       119       125       155       156
         2       119       149       155       156
         2       119       149       150       156
         2       120       126       127       157
         2       120       121       127       157
         2       120       121       151       157
         2       120       126       156       157
         2       120       150       156       157
         2       120       150       151       157
         2       121       127       128       158
         2       121       122       128       158
         2       121       122       152       158
         2       121       127       157       158
         2       121       151       157       158
         2       121       151       152       158
         2       122       128       129       159
         2       122       123       129       159
         2       122       123       153       159
         2       122       128       158       159
         2       122       152       158       159
         2       122       152       153       159
         2       123       129       130       160
         2       123       124       130       160
         2       123       124       154       160
         2       123       129       159       160
         2       123       153       159       160
         2       123       153       154       160
         2       124       125       130       155
         2       119       124       125       155
         2       119       124       149       155
         2       124       130       155       160
         2       124       154       155       160
         2       124       149       154       155
         2       125       131       132       162
         2       125       126       132       162
         2       125       126       156       162
         2       125       131       161       162
         2       125       155       161       162
         2       125       155       156       162
         2       126       132       133       163
         2       126       127       133       163
         2       126       127       157       163
         2       126       132       162       163
         2       126       156       162       163
         2       126       156       157       163
         2       127       133       134       164
         2       127       128       134       164
         2       127       128       158       164
         2       127       133       163       164
         2       127       157       163       164
         2       127       157       158       164
         2       128       134       135       165
         2       128       129       135       165
         2       128       129       159       165
         2       128       134       164       165
         2       128       158       164       165
         2       128       158       159       165
         2       129       135       136       166
         2       129       130       136       166
         2       129       130       160       166
         2       129       135       165       166
         2       129       159       165       166
         2       129       159       160       166
         2       130       131       136       161
         2       125       130       131       161
         2       125       130       155       161
         2       130       136       161       166
         2       130       160       161       166
         2       130       155       160       161
         2       107       108       131       138
         2       108       131       132       138
         2       131       132       138       162
         2       107       131       137       138
         2       131       137       138       161
         2       131       138       161       162
         2       108       109       132       139
         2       109       132       133       139
         2       132       133       139       163
         2       108       132       138       139
         2       132       138       139       162
         2       132       139       162       163
         2       109       110       133       140
         2       110       133       134       140
         2       133       134       140       164
         2       109       133       139       140
         2       133       139       140       163
         2       133       140       163       164
         2       110       111       134       141
         2       111       134       135       141
         2       134       135       141       165
         2       110       134       140       141
         2       134       140       141       164
         2       134       141       164       165
         2       111       112       135       142
         2       112       135       136       142
         2       135       136       142       166
         2       111       135       141       142
         2       135       141       142       165
         2       135       142       165       166
         2       107       112       136       137
         2       107       131       136       137
         2       131       136       137       161
         2       112       136       137       142
         2       136       137       142       166
         2       136       137       161       166
         2       137       143       144       166
         2       137       138       144       166
         2       137       138       142       166
         2       137       143       161       166
         2       137       137       161       166
         2       137       137       142       166
         2       138       144       145       165
         2       138       139       145       165
         2       138       139       141       165
         2       138       144       165       166
         2       138       142       165       166
         2       138       141       142       165
         2       139       145       146       164
         2       139       140       146       164
         2       139       140       140       164
         2       139       145       164       165
         2       139       141       164       165
         2       139       140       141       164
         2       140       146       147       163
         2       140       141       147       163
         2       139       140       141       163
         2       140       146       163       164
         2       140       140       163       164
         2       139       140       140       163
         2       141       147       148       162
         2       141       142       148       162
         2       138       141       142       162
         2       141       147       162       163
         2       139       141       162       163
         2       138       139       141       162
         2       142       143       148       161
         2       137       142       143       161
         2       137       137       142       161
         2       142       148       161       162
         2       138       142       161       162
         2       137       138       142       161
         2       143       149       150       160
         2       143       144       150       160
         2       143       144       160       166
         2       143       149       155       160
         2       143       155       160       161
         2       143       160       161       166
         2       144       150       151       159
         2       144       145       151       159
         2       144       145       159       165
         2       144       150       159       160
         2       144       159       160       166
         2       144       159       165       166
         2       145       151       152       158
         2       145       146       152       158
         2       145       146       158       164
         2       145       151       158       159
         2       145       158       159       165
         2       145       158       164       165
         2       146       152       153       157
         2       146       147       153       157
         2       146       147       157       163
         2       146       152       157       158
         2       146       157       158       164
         2       146       157       163       164
         2       147       153       154       156
         2       147       148       154       156
         2       147       148       156       162
         2       147       153       156       157
         2       147       156       157       163
         2       147       156       162       163
         2       148       149       154       155
         2       143       148       149       155
         2       143       148       155       161
         2       148       154       155       156
         2       148       155       156       162
         2       148       155       161       162
         2       149       154       155       156
         2       149       150       154       156
         2       149       150       154       160
         4       149       149       154       155
         2       149       154       155       160
         2       150       153       156       157
         2       150       151       153       157
         2       150       151       153       159
         2       150       153       154       156
         2       150       153       154       160
         2       150       153       159       160
         2       151       152       157       158
         4       151       152       152       158
         2       151       152       153       157
         2       151       152       153       159
         2       151       152       158       159
